M,8.000000e-02,8.204205e-02,8.413622e-02,8.628384e-02,8.848628e-02,9.074495e-02,9.306126e-02,9.543670e-02,9.787278e-02,1.003710e-01,1.029331e-01,1.055605e-01,1.082550e-01,1.110183e-01,1.138521e-01,1.167582e-01,1.197385e-01,1.227949e-01,1.259293e-01,1.291437e-01,1.324402e-01,1.358208e-01,1.392877e-01,1.428431e-01,1.464893e-01,1.502285e-01,1.540632e-01,1.579957e-01,1.620286e-01,1.661645e-01,1.704060e-01,1.747557e-01,1.792164e-01,1.837910e-01,1.884824e-01,1.932935e-01,1.982274e-01,2.032873e-01,2.084763e-01,2.137978e-01,2.192551e-01,2.248517e-01,2.305912e-01,2.364771e-01,2.425134e-01,2.487036e-01,2.550519e-01,2.615623e-01,2.682388e-01,2.750858e-01,2.821075e-01,2.893084e-01,2.966932e-01,3.042665e-01,3.120330e-01,3.199979e-01,3.281660e-01,3.365426e-01,3.451331e-01,3.539428e-01,3.629774e-01,3.722426e-01,3.817443e-01,3.914885e-01,4.014815e-01,4.117295e-01,4.222391e-01,4.330170e-01,4.440700e-01,4.554052e-01,4.670297e-01,4.789509e-01,4.911764e-01,5.037139e-01,5.165715e-01,5.297573e-01,5.432796e-01,5.571471e-01,5.713686e-01,5.859532e-01,6.009099e-01,6.162485e-01,6.319786e-01,6.481102e-01,6.646536e-01,6.816193e-01,6.990180e-01,7.168608e-01,7.351591e-01,7.539244e-01,7.731688e-01,7.929044e-01,8.131437e-01,8.338997e-01,8.551854e-01,8.770145e-01,8.994008e-01,9.223585e-01,9.459022e-01,9.700469e-01,9.948079e-01,1.020201e+00,1.046242e+00,1.072948e+00,1.100336e+00,1.128422e+00,1.157226e+00,1.186765e+00,1.217058e+00,1.248124e+00,1.279983e+00,1.312655e+00,1.346161e+00,1.380523e+00,1.415762e+00,1.451900e+00,1.488960e+00,1.526967e+00,1.565944e+00,1.605915e+00,1.646907e+00,1.688945e+00,1.732057e+00,1.776268e+00,1.821609e+00,1.868106e+00,1.915791e+00,1.964692e+00,2.014842e+00,2.066272e+00,2.119015e+00,2.173104e+00,2.228574e+00,2.285459e+00,2.343797e+00,2.403624e+00,2.464978e+00,2.527898e+00,2.592424e+00,2.658597e+00,2.726459e+00,2.796053e+00,2.867424e+00,2.940617e+00,3.015678e+00,3.092655e+00,3.171596e+00,3.252553e+00,3.335576e+00,3.420719e+00,3.508035e+00,3.597579e+00,3.689409e+00,3.783584e+00,3.880162e+00,3.979205e+00,4.080777e+00,4.184941e+00,4.291764e+00,4.401313e+00,4.513660e+00,4.628873e+00,4.747028e+00,4.868198e+00,4.992462e+00,5.119897e+00,5.250586e+00,5.384610e+00,5.522055e+00,5.663009e+00,5.807560e+00,5.955801e+00,6.107827e+00,6.263732e+00,6.423618e+00,6.587584e+00,6.755736e+00,6.928180e+00,7.105026e+00,7.286386e+00,7.472375e+00,7.663111e+00,7.858717e+00,8.059315e+00,8.265033e+00,8.476003e+00,8.692358e+00,8.914235e+00,9.141776e+00,9.375125e+00,9.614431e+00,9.859844e+00,1.011152e+01,1.036962e+01,1.063432e+01,1.090576e+01,1.118414e+01,1.146962e+01,1.176239e+01,1.206263e+01,1.237054e+01,1.268630e+01,1.301013e+01,1.334222e+01,1.368278e+01,1.403204e+01,1.439022e+01,1.475754e+01,1.513423e+01,1.552054e+01,1.591671e+01,1.632300e+01,1.673965e+01,1.716694e+01,1.760514e+01,1.805452e+01,1.851537e+01,1.898798e+01,1.947266e+01,1.996971e+01,2.047945e+01,2.100220e+01,2.153830e+01,2.208807e+01,2.265188e+01,2.323009e+01,2.382305e+01,2.443114e+01,2.505476e+01,2.569430e+01,2.635016e+01,2.702276e+01,2.771254e+01,2.841991e+01,2.914535e+01,2.988930e+01,3.065224e+01,3.143466e+01,3.223704e+01,3.305991e+01,3.390379e+01,3.476920e+01,3.565670e+01,3.656686e+01,3.750025e+01,3.845747e+01,3.943911e+01,4.044582e+01,4.147822e+01,4.253698e+01,4.362276e+01,4.473625e+01,4.587817e+01,4.704924e+01,4.825020e+01,4.948181e+01,5.074486e+01,5.204015e+01,5.336851e+01,5.473077e+01,5.612780e+01,5.756050e+01,5.902976e+01,6.053653e+01,6.208176e+01,6.366643e+01,6.529155e+01,6.695816e+01,6.866730e+01,7.042007e+01,7.221759e+01,7.406098e+01,7.595143e+01,7.789013e+01,7.987832e+01,8.191726e+01,8.400825e+01,8.615261e+01,8.835170e+01,9.060693e+01,9.291972e+01,9.529155e+01,9.772392e+01,1.002184e+02,1.027765e+02,1.053999e+02,1.080903e+02,1.108494e+02,1.136789e+02,1.165806e+02,1.195564e+02,1.226081e+02,1.257378e+02,1.289473e+02,1.322388e+02,1.356142e+02,1.390759e+02,1.426259e+02,1.462665e+02,1.500000e+02
Mrem,0.08,0.08204205,0.08413622,0.08628384,0.08848628,0.09074495,0.09306126,0.0954367,0.09787278,0.100371,0.1029331,0.1055605,0.108255,0.1110183,0.1138521,0.1167582,0.1197385,0.1227949,0.1259293,0.1291437,0.1324402,0.1358208,0.1392877,0.1428431,0.1464893,0.1502285,0.1540632,0.1579957,0.1620286,0.1661645,0.170406,0.1747557,0.1792164,0.183791,0.1884824,0.1932935,0.1982274,0.2032873,0.2084763,0.2137978,0.2192551,0.2248517,0.2305912,0.2364771,0.2425134,0.2487036,0.2550519,0.2615623,0.2682388,0.2750858,0.2821075,0.2893084,0.2966932,0.3042665,0.312033,0.3199979,0.328166,0.3365426,0.3451331,0.3539428,0.3629774,0.3722426,0.3817443,0.3914885,0.4014815,0.4117295,0.4222391,0.433017,0.44407,0.4554052,0.4670297,0.4789509,0.4911764,0.5037139,0.5165715,0.5297573,0.5432796,0.5571471,0.5713686,0.5859532,0.6009099,0.6162485,0.6319786,0.6481102,0.6646536,0.6816193,0.699018,0.7168608,0.7351591,0.7539244,0.7731688,0.7929044,0.8131437,0.8338997,0.8551854,0.8770145,0.8994008,0.9223585,0.9459022,0.9700469,0.9948079,0.651340402,0.651392484,0.651445896,0.651500672,0.651556844,0.651614452,0.6516735300000001,0.6517341160000001,0.651796248,0.6504327752000001,0.648942932,0.6474150584,0.6458481512,0.6442412528,0.64259336,0.640903424,0.6406588832,0.6410330623999999,0.641416784,0.6418103072,0.642213872,0.6426277472,0.645006512,0.648815156,0.6527209039999999,0.6564343105,0.659637326,0.662922151,0.666290816,0.6702620566666666,0.6752743039999999,0.680414524,0.684031114,0.686714662,0.689466704,0.6922889879999999,0.6976885483999999,0.7064511791999999,0.7154374726,0.7246531322,0.7341039974,0.7437961792000001,0.7537357886,0.7639071232,0.774252832,0.7848625024000001,0.7957431232,0.8069014144000001,0.8183446336,0.829502991,0.8351084454,0.8408570034,0.8467523584,0.8527981412,0.858998233,0.8637087894,0.8681045101999999,0.8726124407999999,0.8772354085999999,0.8822906319999999,0.8898025195999999,0.8975062256,0.9054065096,0.9135085224,0.9213856552,0.9294360976,0.937691976,0.9467320180000001,0.9590795884,0.971742256,0.9847281676,0.9987881111142858,1.0135189063999999,1.0286258493142857,1.044118293942857,1.0600062557714287,1.0762997502857141,1.0930091709142857,1.1101451000571427,1.1277184035714285,1.1457402307714284,1.1642222034,1.1831758487142856,1.2026132608857143,1.2225469120285715,1.2429893687428573,1.2639535755714286,1.285452949485714,1.3075010964285714,1.3301120947714284,1.3533001173714285,1.377079904,1.4014666668571427,1.4264770354285714,1.4521242377142856,1.4784271708571426,1.5054009525714285,1.533063535142857,1.5614319259999998,1.5905250222857141,1.6203598314285712,1.6493921999999999,1.6294667999999999,1.6090331999999998,1.5880775999999999,1.5665868,1.5445476,1.5376063666666666,1.5594972666666664,1.5819468999999997,1.60497,1.6285801666666666,1.6527932666666665,1.6776245999999997,1.7147204,1.8391499000000002,1.9667546,2.0976182000000003,2.2318217,2.2313699000000007,2.2219604000000004,2.2123106000000003,2.20241474,2.19226616,2.1818583800000004,2.1711851,2.16023948,2.1545998400000004,2.2083212,2.26341344,2.31991184,2.37785336,2.43727244,2.4982094000000004,2.5607011999999996,2.7624107999999996,2.9932247,3.2299268,3.4726734500000007,3.72161805,3.976913999999999,4.2387265,4.507223699999999,4.78257375,5.0649536500000005,5.35453745,5.965819999999997,6.99822,8.05698,9.142759999999999,10.256249999999998,11.398169999999997,12.569239999999997,13.770199999999999,15.001810000000003,16.264860000000002,17.560149999999997,18.88851,20.25077,21.6478,23.080499999999997,24.549760000000003,26.05653,27.601760000000002,29.186429999999998,30.81155,32.47816,34.18729999999999,35.94006999999999,37.73759,39.58098,41.47143,43.410129999999995,45.39832,47.437259999999995,49.52825,51.67260999999999,53.87169999999999,56.12693,58.439719999999994,60.81155,63.24392,65.7384,68.2965,70.9199,73.6103,76.3694,79.1989,82.1006,85.07639999999999,88.12809999999999,91.25779999999999,94.46730000000001,97.7588,101.1342,104.59589999999999,108.1459,111.7865,115.52
H,0.0,0.0,0.0,0.0,0.0,0.0,0.0,0.0,0.0,0.0,0.0,0.0,0.0,0.0,0.0,0.0,0.0,0.0,0.0,0.0,0.0,0.0,0.0,0.0,0.0,0.0,0.0,0.0,0.0,0.0,0.0,0.0,0.0,0.0,0.0,0.0,0.0,0.0,0.0,0.0,0.0,0.0,0.0,0.0,0.0,0.0,0.0,0.0,0.0,0.0,0.0,0.0,0.0,0.0,0.0,0.0,0.0,0.0,0.0,0.0,0.0,0.0,0.0,0.0,0.0,0.0,0.0,0.0,0.0,0.0,0.0,0.0,0.0,0.0,0.0,0.0,0.0,0.0,0.0,0.0,0.0,0.0,0.0,0.0,0.0,0.0,0.0,0.0,0.0,0.0,0.0,0.0,0.0,0.0,0.0,0.0,0.0,0.0,0.0,0.0,0.0,0.2678154336,0.28639829119999993,0.3054556928,0.3249997696,0.34504193920000004,0.3655964736000001,0.38667550400000006,0.4082925888,0.43046128640000003,0.4536755968000001,0.4775130879999999,0.5019590655999999,0.5270295808,0.5527399552,0.57910624,0.606145216,0.6310489815999999,0.6554018112,0.6803756919999999,0.7059874935999999,0.7322528359999999,0.7591892135999999,0.7854778319999999,0.811503566,0.838192844,0.8660693460000001,0.8957033520000002,0.9260942519999998,0.957260832,0.98572433,1.008549888,1.031958228,1.06298458,1.0991541399999998,1.13624688,1.17428636,1.2159749679999998,1.262175584,1.309555452,1.3581446440000002,1.4079739480000002,1.4590755840000003,1.511481772,1.5650686679999999,1.61941443,1.675146776,1.732302418,1.790916656,1.8510276140000002,1.9114513899999999,1.9610587660000003,2.011932586,2.064105536,2.117609748,2.17247957,2.2287504580000004,2.286457314,2.345637256,2.406327402,2.4670650399999996,2.5182196119999998,2.570680432,2.6244799119999995,2.6796531279999996,2.7606932559999997,2.845379728,2.93222728,3.01710119,3.0816581220000003,3.14786248,3.215756858,3.2853539582857145,3.3567139040000007,3.429896010285715,3.5049455908571434,3.5819111634285723,3.6608412457142867,3.741786186285715,3.8247972491428586,3.909927071428573,3.997229663428573,4.086761324000002,4.178577894285716,4.272737961714288,4.369301944571432,4.468330718857146,4.569886991428574,4.6740357577142895,4.780842928571432,4.890376703428575,5.002705739428575,5.117901440000004,5.236037497142862,5.357194468571434,5.48143643428572,5.608854937142862,5.739523211428577,5.873528222857148,6.010952360000006,6.151887165714292,6.296415028571435,6.445115650000024,6.612821100000585,6.784803900001159,6.961180200001748,7.142061100002352,7.327557700002972,7.4951907666698965,7.625248466669461,7.758625700002348,7.895410000001891,8.035682166668089,8.179536466667608,8.327063800000447,8.459182200000004,8.452269450000003,8.445180300000002,8.437910100000002,8.43045435,8.5613693,8.7046028,8.851494200000001,9.002131180000001,9.15661512,9.315044660000002,9.477515700000001,9.64413236,9.814237600000002,9.980518000000021,10.151041600000042,10.325917600000063,10.505260400000083,10.689176600000105,10.877791000000128,11.07121800000015,11.217403200000144,11.35823880000013,11.50266720000012,11.650783800000108,11.802682200000094,11.95845600000008,12.118206000000068,12.282034800000053,12.45004500000004,12.622344600000027,12.79903980000001,12.900000000000002,12.900000000000002,12.900000000000002,12.900000000000002,12.900000000000002,12.900000000000002,12.900000000000002,12.900000000000002,12.900000000000002,12.900000000000002,12.900000000000002,12.900000000000002,12.900000000000002,12.900000000000002,12.900000000000002,12.900000000000002,12.900000000000002,12.900000000000002,12.900000000000002,12.900000000000002,12.900000000000002,12.900000000000002,12.900000000000002,12.900000000000002,12.900000000000002,12.900000000000002,12.900000000000002,12.900000000000002,12.900000000000002,12.900000000000002,12.900000000000002,12.900000000000002,12.900000000000002,12.900000000000002,12.900000000000002,12.900000000000002,12.900000000000002,12.900000000000002,12.900000000000002,12.900000000000002,12.900000000000002,12.900000000000002,12.900000000000002,12.900000000000002,12.900000000000002,12.900000000000002,12.900000000000002,12.900000000000002,12.900000000000002,12.900000000000002,12.900000000000002,12.900000000000002,12.900000000000002
He,0.0,0.0,0.0,0.0,0.0,0.0,0.0,0.0,0.0,0.0,0.0,0.0,0.0,0.0,0.0,0.0,0.0,0.0,0.0,0.0,0.0,0.0,0.0,0.0,0.0,0.0,0.0,0.0,0.0,0.0,0.0,0.0,0.0,0.0,0.0,0.0,0.0,0.0,0.0,0.0,0.0,0.0,0.0,0.0,0.0,0.0,0.0,0.0,0.0,0.0,0.0,0.0,0.0,0.0,0.0,0.0,0.0,0.0,0.0,0.0,0.0,0.0,0.0,0.0,0.0,0.0,0.0,0.0,0.0,0.0,0.0,0.0,0.0,0.0,0.0,0.0,0.0,0.0,0.0,0.0,0.0,0.0,0.0,0.0,0.0,0.0,0.0,0.0,0.0,0.0,0.0,0.0,0.0,0.0,0.0,0.0,0.0,0.0,0.0,0.0,0.0,0.09580276154199999,0.10343647236399998,0.11126512261600001,0.119293695712,0.12752688192400002,0.13597054409200005,0.14462966563000004,0.15350981623600002,0.16261656560800003,0.17201341590520006,0.18165375998199998,0.19154018776839998,0.2016791906812,0.2120769650728,0.22274000236,0.233675089024,0.24583469794359997,0.2587014265952,0.27189628538199995,0.28542818729559993,0.29930538510599997,0.31353712191559996,0.32739327102399995,0.34108631347866664,0.35512846947466664,0.36923738272350004,0.38310123188200007,0.39731918315699993,0.411900025312,0.4293587492,0.45182082911999993,0.47485641071999996,0.4945611954496,0.5123411243967999,0.5305748624256,0.5492739909632,0.5644331065296,0.5748072870848,0.5854462643944,0.5963567910168001,0.6075457802856,0.6190204670848001,0.6307880862984,0.64317994921816,0.6571463266366,0.67146904380912,0.6861575353931599,0.70122087317472,0.71666885468268,0.7339934649645,0.7667598263013001,0.8003626915023,0.8348236501248,0.8701639258014,0.9064062058635001,0.9450320739245561,0.9850285945707482,1.026046108538992,1.068110342249964,1.1123420149605998,1.16580043334593,1.2206239291694803,1.27684637416918,1.33450442406142,1.37517003185768,1.4156835486718402,1.4572309136184,1.5028382592387202,1.5657036169439358,1.6301732334262398,1.696288586602304,1.749029353425439,1.7967839836515238,1.845758017892426,1.8959817804378878,1.947487739719352,2.00030836416826,2.0544773474398816,2.110028995801402,2.166998534437875,2.2254221074522267,2.285337390477169,2.346781752839455,2.409794401701581,2.474415769449871,2.540686594776606,2.608648841597895,2.6783460053596317,2.749822194119625,2.823123047465467,2.898294511290708,2.97538436932464,3.0544419368263394,3.13552112364424,3.21866481261232,3.3039342649219794,3.39137848952634,3.4810556845572296,3.57302098508691,3.6673356523067797,3.764054821289099,3.86672755065,4.0825877110999995,4.3039534138999995,4.5309741602,4.7637929511,5.002552787700001,5.221898978973333,5.399602094053334,5.581840822279999,5.7687347639999995,5.960394319533333,6.156948289253333,6.358520873519999,6.52434628178,6.390700473055,6.25364428197,6.11308780899,5.968944054565,6.059882339740001,6.16861078504,6.280115939560001,6.394464361124,6.511733007216,6.631996755388001,6.75532840326,6.881806988248,7.015787557136001,7.198698299479999,7.386276620576,7.578642641936,7.775922205144,7.978232571676001,8.185711023260001,8.39848340148,8.584723379848,8.770155120282,8.960317334808002,9.155335632207002,9.355333251283001,9.56043343084,9.770768889590002,9.986474716222,10.207685999425001,10.434544937819002,10.667191360047001,10.800121,10.800121,10.800121,10.800121,10.800121,10.800121,10.800121,10.800121,10.800121,10.800121,10.800121,10.800121,10.800121,10.800121,10.800121,10.800121,10.800121,10.800121,10.800121,10.800121,10.800121,10.800121,10.800121,10.800121,10.800121,10.800121,10.800121,10.800121,10.800121,10.800121,10.800121,10.800121,10.800121,10.800121,10.800121,10.800121,10.800121,10.800121,10.800121,10.800121,10.800121,10.800121,10.800121,10.800121,10.800121,10.800121,10.800121,10.800121,10.800121,10.800121,10.800121,10.800121,10.800121
Li,0.0,0.0,0.0,0.0,0.0,0.0,0.0,0.0,0.0,0.0,0.0,0.0,0.0,0.0,0.0,0.0,0.0,0.0,0.0,0.0,0.0,0.0,0.0,0.0,0.0,0.0,0.0,0.0,0.0,0.0,0.0,0.0,0.0,0.0,0.0,0.0,0.0,0.0,0.0,0.0,0.0,0.0,0.0,0.0,0.0,0.0,0.0,0.0,0.0,0.0,0.0,0.0,0.0,0.0,0.0,0.0,0.0,0.0,0.0,0.0,0.0,0.0,0.0,0.0,0.0,0.0,0.0,0.0,0.0,0.0,0.0,0.0,0.0,0.0,0.0,0.0,0.0,0.0,0.0,0.0,0.0,0.0,0.0,0.0,0.0,0.0,0.0,0.0,0.0,0.0,0.0,0.0,0.0,0.0,0.0,0.0,0.0,0.0,0.0,0.0,0.0,2.958775264e-10,3.0229402879999994e-10,3.088743872e-10,3.156227904e-10,3.2254318080000003e-10,3.2964048640000003e-10,3.3691889600000005e-10,3.4438309120000003e-10,3.520377536e-10,3.559060688e-10,3.59617608e-10,3.634238896e-10,3.673274128e-10,3.713305632e-10,3.7543584000000003e-10,3.79645856e-10,3.83812436e-10,3.88021952e-10,3.9233882000000003e-10,3.96765956e-10,4.0130606e-10,4.05962156e-10,4.0276898400000003e-10,3.9391237533333333e-10,3.848299613333333e-10,3.7357846199999997e-10,3.58027944e-10,3.4208024400000003e-10,3.2572550399999996e-10,2.9514833999999996e-10,2.3867942400000013e-10,1.8076874399999993e-10,2.0849647519999986e-10,2.9091640159999985e-10,3.7543998720000025e-10,4.621209183999998e-10,5.08419628e-10,5.01063664e-10,4.93519942e-10,4.857836739999999e-10,4.77849958e-10,4.69713664e-10,4.61369662e-10,8.890499223999961e-10,3.022144174000004e-09,5.209662436800002e-09,7.453045672399994e-09,9.753679420800004e-09,1.2113060065200002e-08,1.417885273e-08,1.2717315561999998e-08,1.1218466302000002e-08,9.681341952000002e-09,8.104995836000003e-09,6.488415990000002e-09,5.3299212199999965e-09,4.273698259999998e-09,3.1905130400000036e-09,2.07968618e-09,1.0521974408000004e-09,8.26135709240001e-10,5.943014206399996e-10,3.565513402400008e-10,1.1273046056000053e-10,1.0586758964e-10,1.1450874632000002e-10,1.2337041320000003e-10,1.2723785810000002e-10,1.0319392478000006e-10,7.853641520000007e-11,5.3249465419999985e-11,5.4771935118571456e-11,6.787441404000001e-11,8.131146188857145e-11,9.509139876571425e-11,1.0922313306285712e-10,1.237155731714286e-10,1.385779636485714e-10,1.5381971713428572e-10,1.6945049839285716e-10,1.8548022431285712e-10,2.0191923199e-10,2.187777744785714e-10,2.360666090814286e-10,2.537968292671429e-10,2.719796125457143e-10,2.9062647259285714e-10,3.097493432914286e-10,3.293603266071429e-10,3.494719447128571e-10,3.7009680382285714e-10,3.9124801439999996e-10,4.129391071142856e-10,4.351848732571429e-10,4.5799707862857145e-10,4.813925315142857e-10,5.053846785428572e-10,5.299894875857142e-10,5.552220861e-10,5.810992823714285e-10,6.076362038571427e-10,6.307906944399999e-10,5.255805973600003e-10,4.176871026400002e-10,3.070373435199999e-10,1.935616213600002e-10,7.719023751999982e-11,3.8526187e-13,4.1191726000000004e-13,4.3925298999999995e-13,4.67287e-13,4.960358500000001e-13,5.2551886e-13,5.557546599999999e-13,2.8623994200000055e-12,2.2129846645000035e-11,4.188896183000002e-11,6.215270561000006e-11,8.293362053499997e-11,7.621351368000001e-11,6.750575328000004e-11,5.857561392000002e-11,4.941776516800004e-11,4.002604371200003e-11,3.039445281599999e-11,2.051716232000003e-11,1.0387842336000014e-11,9.142780160000002e-13,9.408828799999998e-13,9.68166656e-13,9.96146816e-13,1.024841664e-12,1.0542682560000001e-12,1.0844465600000002e-12,1.11539488e-12,1.1715269599999999e-12,1.2333381400000001e-12,1.2967261600000002e-12,1.3617328900000005e-12,1.4283994100000002e-12,1.4967667999999999e-12,1.5668793000000003e-12,1.63878194e-12,1.7125197500000003e-12,1.7881401300000004e-12,1.86568969e-12,1.91e-12,1.91e-12,1.91e-12,1.91e-12,1.91e-12,1.91e-12,1.91e-12,1.91e-12,1.91e-12,1.91e-12,1.91e-12,1.91e-12,1.91e-12,1.91e-12,1.91e-12,1.91e-12,1.91e-12,1.91e-12,1.91e-12,1.91e-12,1.91e-12,1.91e-12,1.91e-12,1.91e-12,1.91e-12,1.91e-12,1.91e-12,1.91e-12,1.91e-12,1.91e-12,1.91e-12,1.91e-12,1.91e-12,1.91e-12,1.91e-12,1.91e-12,1.91e-12,1.91e-12,1.91e-12,1.91e-12,1.91e-12,1.91e-12,1.91e-12,1.91e-12,1.91e-12,1.91e-12,1.91e-12,1.91e-12,1.91e-12,1.91e-12,1.91e-12,1.91e-12,1.91e-12
B,0.0,0.0,0.0,0.0,0.0,0.0,0.0,0.0,0.0,0.0,0.0,0.0,0.0,0.0,0.0,0.0,0.0,0.0,0.0,0.0,0.0,0.0,0.0,0.0,0.0,0.0,0.0,0.0,0.0,0.0,0.0,0.0,0.0,0.0,0.0,0.0,0.0,0.0,0.0,0.0,0.0,0.0,0.0,0.0,0.0,0.0,0.0,0.0,0.0,0.0,0.0,0.0,0.0,0.0,0.0,0.0,0.0,0.0,0.0,0.0,0.0,0.0,0.0,0.0,0.0,0.0,0.0,0.0,0.0,0.0,0.0,0.0,0.0,0.0,0.0,0.0,0.0,0.0,0.0,0.0,0.0,0.0,0.0,0.0,0.0,0.0,0.0,0.0,0.0,0.0,0.0,0.0,0.0,0.0,0.0,0.0,0.0,0.0,0.0,0.0,0.0,0.0,0.0,0.0,0.0,0.0,0.0,0.0,0.0,0.0,0.0,0.0,0.0,0.0,0.0,0.0,0.0,0.0,0.0,0.0,0.0,0.0,0.0,0.0,0.0,0.0,0.0,0.0,0.0,0.0,0.0,0.0,0.0,0.0,0.0,0.0,0.0,0.0,0.0,0.0,0.0,0.0,0.0,0.0,0.0,0.0,0.0,0.0,0.0,0.0,0.0,0.0,0.0,0.0,0.0,0.0,0.0,0.0,0.0,0.0,0.0,0.0,0.0,0.0,0.0,0.0,0.0,0.0,0.0,0.0,0.0,0.0,7.871371000000025e-13,1.9252436000000004e-12,3.092411400000002e-12,4.289363199999998e-12,5.5168727999999985e-12,6.7757140000000015e-12,8.066689799999998e-12,9.3906178e-12,1.0748337500000003e-11,1.2140710299999998e-11,1.3568634100000001e-11,1.5032999499999998e-11,1.6534740900000003e-11,1.8074821900000003e-11,1.9654213400000004e-11,2.12739155e-11,2.2934964800000002e-11,2.4638412500000003e-11,2.63853463e-11,2.8176861200000004e-11,3.0014096e-11,3.1898226e-11,3.3830536000000007e-11,3.5812048e-11,3.7844221999999996e-11,3.992822600000001e-11,4.2065447e-11,4.4257199e-11,4.6504942e-11,4.880998999999999e-11,5.0976920500000004e-11,4.694202700000001e-11,4.280422300000001e-11,3.8560714e-11,3.4208827000000005e-11,2.974588899999999e-11,2.6916332666666665e-11,2.7251134666666665e-11,2.7594482e-11,2.79466e-11,2.830769666666667e-11,2.8678014666666666e-11,2.9057788e-11,2.8884786e-11,2.4529753499999995e-11,2.0063588999999997e-11,1.5483362999999988e-11,1.0786240500000007e-11,1.2772592999999999e-11,1.5250427999999994e-11,1.7791542e-11,2.0397451799999995e-11,2.3069911199999995e-11,2.5810626600000006e-11,2.8621257e-11,3.15036036e-11,3.39360568e-11,3.085347400000001e-11,2.7692228800000007e-11,2.445029679999999e-11,2.11255572e-11,1.7716033799999993e-11,1.4219413e-11,1.0633574000000006e-11,9.98651024e-12,9.85036916e-12,9.710755040000001e-12,9.56757566e-12,9.42074054e-12,9.2701592e-12,9.115734200000001e-12,8.957366360000002e-12,8.794956500000001e-12,8.628400220000002e-12,8.457594860000001e-12,8.36e-12,8.36e-12,8.36e-12,8.36e-12,8.36e-12,8.36e-12,8.36e-12,8.36e-12,8.36e-12,8.36e-12,8.36e-12,8.36e-12,8.36e-12,8.36e-12,8.36e-12,8.36e-12,8.36e-12,8.36e-12,8.36e-12,8.36e-12,8.36e-12,8.36e-12,8.36e-12,8.36e-12,8.36e-12,8.36e-12,8.36e-12,8.36e-12,8.36e-12,8.36e-12,8.36e-12,8.36e-12,8.36e-12,8.36e-12,8.36e-12,8.36e-12,8.36e-12,8.36e-12,8.36e-12,8.36e-12,8.36e-12,8.36e-12,8.36e-12,8.36e-12,8.36e-12,8.36e-12,8.36e-12,8.36e-12,8.36e-12,8.36e-12,8.36e-12,8.36e-12,8.36e-12
C,0.0,0.0,0.0,0.0,0.0,0.0,0.0,0.0,0.0,0.0,0.0,0.0,0.0,0.0,0.0,0.0,0.0,0.0,0.0,0.0,0.0,0.0,0.0,0.0,0.0,0.0,0.0,0.0,0.0,0.0,0.0,0.0,0.0,0.0,0.0,0.0,0.0,0.0,0.0,0.0,0.0,0.0,0.0,0.0,0.0,0.0,0.0,0.0,0.0,0.0,0.0,0.0,0.0,0.0,0.0,0.0,0.0,0.0,0.0,0.0,0.0,0.0,0.0,0.0,0.0,0.0,0.0,0.0,0.0,0.0,0.0,0.0,0.0,0.0,0.0,0.0,0.0,0.0,0.0,0.0,0.0,0.0,0.0,0.0,0.0,0.0,0.0,0.0,0.0,0.0,0.0,0.0,0.0,0.0,0.0,0.0,0.0,0.0,0.0,0.0,0.0,0.00027822544013199975,0.00035774767514399974,0.00043930064193600007,0.000522936253952,0.0006087033709040002,0.0006966630674320003,0.0007868672569800003,0.000879373960456,0.0009742411987680001,0.0013547409493840014,0.001763122914439999,0.0021819294191279992,0.0026114354513039994,0.0030519034993759997,0.0035036085511999998,0.003966838094080001,0.0047373904469199994,0.00565166458144,0.0065892547354,0.007550794241319998,0.0085368695182,0.00954813735532,0.01074636934792,0.012088142840460002,0.013464125771640002,0.014794945694185001,0.015993339762220005,0.017222342492469993,0.01848271358752,0.020806435293533335,0.02506518751871999,0.02943267417832,0.032346831114887994,0.034365782818104,0.03643626558316801,0.038559594507696,0.03935873346244,0.038403734466720005,0.03742435950866001,0.03641998697902,0.03538998046834,0.03433367396672,0.03325040146426,0.031846215440480004,0.029267036394799995,0.02662205187936,0.02390951959048001,0.021127764236159998,0.01827497650104,0.015502195348000002,0.0142049535112,0.012874593935200003,0.011510261875200004,0.010111117073600002,0.008676261324000002,0.007849416371799998,0.007171662889399999,0.006476608357600003,0.0057638168342,0.0051094196599999996,0.005005843173000001,0.004899621828,0.004790689998000001,0.0046789766620000004,0.004664814344800001,0.004656763902400001,0.004648508024000001,0.004602195032000001,0.004351635201600001,0.0040946813440000005,0.0038311681424,0.0053455806441142905,0.007648840934400001,0.010010914471314289,0.012433263829942852,0.014917454999771424,0.017465053970285718,0.020077685824914277,0.022757005194057142,0.025504711028571433,0.028322546599771424,0.031212329046400002,0.03417586073371428,0.03721503266788572,0.040331794949028575,0.04352811245074286,0.046806009140571425,0.050167582853485715,0.05361496097142857,0.057150344743771425,0.06077595019337143,0.064494081984,0.06830711864685712,0.07221766031542858,0.0762277752777143,0.08034041823085714,0.08455795293257144,0.08888318634514285,0.093318777696,0.09786768168228571,0.10253255753142855,0.107054996642,0.10338321034800001,0.09961777465200002,0.095756146536,0.09179589354800001,0.087734583236,0.08706806432866669,0.09286505794266668,0.098810011374,0.10490682620000001,0.11115910387666668,0.11757104610266665,0.12414670451599996,0.129907011576,0.12851238730599998,0.127082174924,0.12561543630799998,0.124111263598,0.130739427365,0.13806613454,0.14557995131,0.15328536269899998,0.16118755451599998,0.16929157241300002,0.177602321885,0.186125128898,0.19312319567279998,0.18173732435400003,0.17006090448480005,0.15808645871279997,0.14580615362119997,0.13321268988979998,0.120297521973,0.10705281645400001,0.101559904,0.09733483599999998,0.093001984,0.08855848599999999,0.08400153399999999,0.07932832000000001,0.07453581999999999,0.06962095600000001,0.06458064999999999,0.059411662,0.054110806,0.051081999999999995,0.051081999999999995,0.051081999999999995,0.051081999999999995,0.051081999999999995,0.051081999999999995,0.051081999999999995,0.051081999999999995,0.051081999999999995,0.051081999999999995,0.051081999999999995,0.051081999999999995,0.051081999999999995,0.051081999999999995,0.051081999999999995,0.051081999999999995,0.051081999999999995,0.051081999999999995,0.051081999999999995,0.051081999999999995,0.051081999999999995,0.051081999999999995,0.051081999999999995,0.051081999999999995,0.051081999999999995,0.051081999999999995,0.051081999999999995,0.051081999999999995,0.051081999999999995,0.051081999999999995,0.051081999999999995,0.051081999999999995,0.051081999999999995,0.051081999999999995,0.051081999999999995,0.051081999999999995,0.051081999999999995,0.051081999999999995,0.051081999999999995,0.051081999999999995,0.051081999999999995,0.051081999999999995,0.051081999999999995,0.051081999999999995,0.051081999999999995,0.051081999999999995,0.051081999999999995,0.051081999999999995,0.051081999999999995,0.051081999999999995,0.051081999999999995,0.051081999999999995,0.051081999999999995
N,0.0,0.0,0.0,0.0,0.0,0.0,0.0,0.0,0.0,0.0,0.0,0.0,0.0,0.0,0.0,0.0,0.0,0.0,0.0,0.0,0.0,0.0,0.0,0.0,0.0,0.0,0.0,0.0,0.0,0.0,0.0,0.0,0.0,0.0,0.0,0.0,0.0,0.0,0.0,0.0,0.0,0.0,0.0,0.0,0.0,0.0,0.0,0.0,0.0,0.0,0.0,0.0,0.0,0.0,0.0,0.0,0.0,0.0,0.0,0.0,0.0,0.0,0.0,0.0,0.0,0.0,0.0,0.0,0.0,0.0,0.0,0.0,0.0,0.0,0.0,0.0,0.0,0.0,0.0,0.0,0.0,0.0,0.0,0.0,0.0,0.0,0.0,0.0,0.0,0.0,0.0,0.0,0.0,0.0,0.0,0.0,0.0,0.0,0.0,0.0,0.0,4.5980874915839976e-05,5.245330921727997e-05,5.909102783232e-05,6.589825607423999e-05,7.287897070848e-05,8.003814269184001e-05,8.737999733760002e-05,9.490925705472e-05,0.00010263064425216,0.00011166825375696003,0.00012100830033359997,0.00013058676509231998,0.00014040993724175998,0.00015048382011744,0.000160814702928,0.00017140916075520003,0.00018160189347240003,0.00019177244271680003,0.000202202363538,0.00021289870124039997,0.00022386797925399998,0.0002351175038204,0.00024671547913599997,0.00025865309943466663,0.0002708950775786667,0.000281044611479,0.000286471106548,0.00029203620189799997,0.00029774333756799997,0.00030629929089,0.00031999062310399996,0.000334031522324,0.0003397235948332,0.0003401654935156,0.0003406186710752,0.0003410834153544,0.0003475844274824,0.0003620072015712,0.0003767981111236,0.00039196654392920007,0.00040752211129640005,0.00042347487157120005,0.0004398348830996,0.0005659581433215989,0.0011200376040160012,0.0016882539115712007,0.002270981361321599,0.002868579852627201,0.003481438076796801,0.0043829567255500015,0.008070085836670004,0.011851344952569997,0.01572916350031999,0.019705929730259995,0.023784196599649993,0.026315821163797604,0.028476233439160805,0.030691794674243194,0.032963894481794404,0.035283920549987996,0.037588260254341394,0.0399514419939704,0.042374925819376394,0.044860291785211594,0.043689792539588,0.042249600282343994,0.040772656338439996,0.03975869386496,0.04140524406924799,0.043093812528319994,0.044825485619072,0.044783186058703565,0.043975504058899995,0.04314719807627856,0.042297755231085706,0.04142662637934286,0.040533262377071416,0.039617093357878566,0.03867753909416428,0.03771400381651785,0.036725876213717853,0.03571251907152499,0.034673300356303574,0.03360755695079642,0.03251460501533214,0.03139375552963571,0.03024429875101786,0.029065499033771425,0.027856610370982138,0.026616860852717857,0.02534547338844285,0.024041639803999995,0.022704526022214285,0.021333220256857136,0.019926997223428566,0.01848482080121429,0.01700586209364285,0.015489136786035715,0.013933712369749997,0.012338552724071427,0.010702725340357147,0.009049729158785,0.008137027780790002,0.007201047831710002,0.006241157189779999,0.005256751216790002,0.004247225274529999,0.003620683340753333,0.0037352966244933333,0.00385283524534,0.003973376342,0.004096991119433333,0.004223762650093333,0.00435377103956,0.0047007350397400005,0.006643321250565003,0.008635478501510002,0.010678513512170005,0.012773690849894997,0.012547139874300001,0.012160918582800002,0.011764833964200002,0.011358649594180004,0.010942092107120003,0.010514895525660001,0.010076801260700003,0.009627528558360002,0.009174205120983998,0.008788391999620001,0.008392733567344001,0.007986976452183998,0.007570855216836,0.007144122521993999,0.00670648879969,0.006257688612620001,0.006343678761912,0.006526942103558,0.006714880602152,0.006907618397633001,0.007105277287677,0.007307979069959999,0.0075158549112100004,0.007729038320418,0.007947662806575,0.008171868905461,0.008401794810593,0.00853317,0.00853317,0.00853317,0.00853317,0.00853317,0.00853317,0.00853317,0.00853317,0.00853317,0.00853317,0.00853317,0.00853317,0.00853317,0.00853317,0.00853317,0.00853317,0.00853317,0.00853317,0.00853317,0.00853317,0.00853317,0.00853317,0.00853317,0.00853317,0.00853317,0.00853317,0.00853317,0.00853317,0.00853317,0.00853317,0.00853317,0.00853317,0.00853317,0.00853317,0.00853317,0.00853317,0.00853317,0.00853317,0.00853317,0.00853317,0.00853317,0.00853317,0.00853317,0.00853317,0.00853317,0.00853317,0.00853317,0.00853317,0.00853317,0.00853317,0.00853317,0.00853317,0.00853317
O,0.0,0.0,0.0,0.0,0.0,0.0,0.0,0.0,0.0,0.0,0.0,0.0,0.0,0.0,0.0,0.0,0.0,0.0,0.0,0.0,0.0,0.0,0.0,0.0,0.0,0.0,0.0,0.0,0.0,0.0,0.0,0.0,0.0,0.0,0.0,0.0,0.0,0.0,0.0,0.0,0.0,0.0,0.0,0.0,0.0,0.0,0.0,0.0,0.0,0.0,0.0,0.0,0.0,0.0,0.0,0.0,0.0,0.0,0.0,0.0,0.0,0.0,0.0,0.0,0.0,0.0,0.0,0.0,0.0,0.0,0.0,0.0,0.0,0.0,0.0,0.0,0.0,0.0,0.0,0.0,0.0,0.0,0.0,0.0,0.0,0.0,0.0,0.0,0.0,0.0,0.0,0.0,0.0,0.0,0.0,0.0,0.0,0.0,0.0,0.0,0.0,0.0002315986649803999,0.0002622463282967999,0.0002936766303792,0.0003259095785344,0.00035896400316880005,0.00039286344229040013,0.0004276279032060001,0.0004632797470232,0.0004998413348496001,0.0005504188429948002,0.0006031264765179998,0.0006571795485316,0.0007126135502188,0.0007694623595272,0.00082776146764,0.0008875479789760001,0.0009439627951444,0.0009997604442208,0.001056981057178,0.0011156632859523998,0.0011758429193739997,0.0012375600409323998,0.0012914920826959998,0.0013402467461313332,0.0013902444432653332,0.0014426422102665002,0.001498701411998,0.0015561924442229996,0.001615150844768,0.0016758370179666667,0.0017384767676799997,0.00180271583508,0.001855651816572,0.001901920151076,0.0019493694233920003,0.001998029771624,0.0020225329508440004,0.002014962631472,0.002007199082766,0.001999237377202,0.001991072469934,0.0019826990814720002,0.001974111932326,0.0019774552259364,0.0020280771331890003,0.0020799906135848,0.0021332298635614,0.0021878277643088,0.0022438198275122,0.0023046403334991998,0.00240141063458848,0.00250065141843808,0.00260242644641408,0.00270679839918144,0.0028138342802095997,0.00280383864080152,0.0027619692710181597,0.0027190310995926403,0.00267499719545688,0.0026262701490276,0.0025498619082147803,0.00247150255906808,0.0023911436886342803,0.00230873290481332,0.0023278227318786,0.0023540799554868,0.002381007226618,0.0023956117425659998,0.0023407836247908,0.0022845563502720003,0.0022268937439811998,0.009968160437194269,0.021185968374551483,0.03269022057860075,0.044488040380766876,0.056587054782373594,0.0689948907847445,0.08171946320057381,0.0947688307482414,0.10815126800465484,0.12187526540524983,0.13594967314967563,0.15038326948473854,0.16518526437430117,0.18036515559359662,0.1959325128707008,0.2118971937450602,0.22826941552033492,0.2450595394058702,0.26227828637522466,0.2799364493547997,0.2980452529880528,0.3166162816826546,0.33566219913891626,0.35519307875481215,0.3752233110988774,0.3957644086259404,0.41683004237610916,0.4384331638610657,0.46058816364934485,0.4833079932526283,0.5048084132799999,0.4696918883200001,0.4336797116800001,0.39674756223999996,0.35887217632000007,0.3200302902399999,0.300115999426,0.316590652948,0.33348579800199996,0.35081252259999995,0.36858106183,0.386803356628,0.4054909214679999,0.4653382938220001,0.8288797471945006,1.2016980748030002,1.5840378201010008,1.9761356380434993,2.163049468465,2.3407916301399996,2.5230729747100002,2.7100023065589998,2.901705430756,3.098304752233001,3.299919275785,3.5066782066180004,3.713788073630401,3.8736692619719997,4.0376303530464,4.205776344350401,4.3782172332616005,4.555055517336401,4.736411193714001,4.922394259771999,5.0459567308968,5.1609830883362,5.2789438366328,5.399916892978701,5.5239787044303,5.651205718043999,5.781680261419,5.9154861322902,6.0527071283925,6.1934314578679,6.3377458587227,6.4202043,6.4202043,6.4202043,6.4202043,6.4202043,6.4202043,6.4202043,6.4202043,6.4202043,6.4202043,6.4202043,6.4202043,6.4202043,6.4202043,6.4202043,6.4202043,6.4202043,6.4202043,6.4202043,6.4202043,6.4202043,6.4202043,6.4202043,6.4202043,6.4202043,6.4202043,6.4202043,6.4202043,6.4202043,6.4202043,6.4202043,6.4202043,6.4202043,6.4202043,6.4202043,6.4202043,6.4202043,6.4202043,6.4202043,6.4202043,6.4202043,6.4202043,6.4202043,6.4202043,6.4202043,6.4202043,6.4202043,6.4202043,6.4202043,6.4202043,6.4202043,6.4202043,6.4202043
F,0.0,0.0,0.0,0.0,0.0,0.0,0.0,0.0,0.0,0.0,0.0,0.0,0.0,0.0,0.0,0.0,0.0,0.0,0.0,0.0,0.0,0.0,0.0,0.0,0.0,0.0,0.0,0.0,0.0,0.0,0.0,0.0,0.0,0.0,0.0,0.0,0.0,0.0,0.0,0.0,0.0,0.0,0.0,0.0,0.0,0.0,0.0,0.0,0.0,0.0,0.0,0.0,0.0,0.0,0.0,0.0,0.0,0.0,0.0,0.0,0.0,0.0,0.0,0.0,0.0,0.0,0.0,0.0,0.0,0.0,0.0,0.0,0.0,0.0,0.0,0.0,0.0,0.0,0.0,0.0,0.0,0.0,0.0,0.0,0.0,0.0,0.0,0.0,0.0,0.0,0.0,0.0,0.0,0.0,0.0,0.0,0.0,0.0,0.0,0.0,0.0,2.173833039999998e-08,2.8258996799999978e-08,3.4946179200000005e-08,4.18041344e-08,4.8836868800000014e-08,5.6049390400000026e-08,6.344595600000002e-08,7.103132319999999e-08,7.88102496e-08,1.0418028184000008e-07,1.313137243999999e-07,1.5913978727999995e-07,1.8767674103999997e-07,2.1694202576e-07,2.46953912e-07,2.7773150080000004e-07,3.535408503999999e-07,4.4986081280000003e-07,5.48637148e-07,6.499365783999998e-07,7.538208839999998e-07,8.603592583999998e-07,1.0492265359999997e-06,1.2986927180000004e-06,1.5545192120000006e-06,1.8262461450000006e-06,2.124297740000001e-06,2.4299619899999987e-06,2.74342784e-06,3.5003082333333336e-06,5.068528639999996e-06,6.676788840000001e-06,7.787617871999999e-06,8.593148975999999e-06,9.419240192000003e-06,1.0266416223999998e-05,1.0468564976e-05,9.817626688000001e-06,9.150073464000002e-06,8.465481607999999e-06,7.763417335999999e-06,7.043426687999998e-06,6.305055704e-06,5.582770920000001e-06,4.977731699999998e-06,4.35725544e-06,3.7209334200000016e-06,3.0683726399999996e-06,2.3991486599999995e-06,1.7698291200000002e-06,1.701059328e-06,1.630533888e-06,1.558207488e-06,1.484035584e-06,1.40797056e-06,1.2534189787999993e-06,1.0747152203999997e-06,8.914496816000005e-07,7.035074172e-07,5.284163560000001e-07,4.796351718000002e-07,4.296083447999999e-07,3.783049668000002e-07,3.256915892000001e-07,3.0324454180000003e-07,2.8225588839999993e-07,2.607316339999999e-07,2.3615251899999999e-07,1.9750293220000005e-07,1.578670480000001e-07,1.1721936579999996e-07,1.507708960428573e-07,2.168055724e-07,2.845264297428572e-07,3.5397540022857125e-07,4.251973809142856e-07,4.982372688571429e-07,5.731416553428569e-07,6.499579787714285e-07,7.287349482142858e-07,8.095225434142855e-07,8.923728619e-07,9.77337577642857e-07,1.064470905957143e-06,1.1538287563857144e-06,1.2454674620285716e-06,1.3394450502142856e-06,1.4358216660571429e-06,1.5346583017857143e-06,1.6360180674142856e-06,1.7399644965142856e-06,1.846563664e-06,1.955883762571428e-06,2.0679993382857142e-06,2.1829696891428573e-06,2.3008795265714282e-06,2.421796619714286e-06,2.545801444428571e-06,2.672970241e-06,2.8033877208571423e-06,2.9371301242857133e-06,3.0554533199999995e-06,2.578572080000001e-06,2.089527920000001e-06,1.5879905599999995e-06,1.0736440800000008e-06,5.461725599999992e-07,2.0399560666666667e-07,2.2125078666666667e-07,2.3894638e-07,2.5709400000000004e-07,2.757043666666667e-07,2.9478998666666666e-07,3.143629199999999e-07,3.9955028000000017e-07,9.70543430000001e-07,1.5561072200000006e-06,2.1566257400000017e-06,2.772470689999999e-06,2.59875433e-06,2.368430680000001e-06,2.1322250200000007e-06,1.8899963580000009e-06,1.6415816720000007e-06,1.3868223459999997e-06,1.1255641700000008e-06,8.576397160000004e-07,6.226942160000005e-07,8.059863799999995e-07,9.939558559999997e-07,1.1867230160000005e-06,1.384413964e-06,1.5871462060000003e-06,1.7950573100000003e-06,2.0082733799999995e-06,2.01456264e-06,1.98404826e-06,1.95275544e-06,1.92066351e-06,1.8877521900000002e-06,1.8540012e-06,1.8193887e-06,1.7838924600000002e-06,1.74749025e-06,1.7101586700000002e-06,1.6718747100000002e-06,1.65e-06,1.65e-06,1.65e-06,1.65e-06,1.65e-06,1.65e-06,1.65e-06,1.65e-06,1.65e-06,1.65e-06,1.65e-06,1.65e-06,1.65e-06,1.65e-06,1.65e-06,1.65e-06,1.65e-06,1.65e-06,1.65e-06,1.65e-06,1.65e-06,1.65e-06,1.65e-06,1.65e-06,1.65e-06,1.65e-06,1.65e-06,1.65e-06,1.65e-06,1.65e-06,1.65e-06,1.65e-06,1.65e-06,1.65e-06,1.65e-06,1.65e-06,1.65e-06,1.65e-06,1.65e-06,1.65e-06,1.65e-06,1.65e-06,1.65e-06,1.65e-06,1.65e-06,1.65e-06,1.65e-06,1.65e-06,1.65e-06,1.65e-06,1.65e-06,1.65e-06,1.65e-06
Ne,0.0,0.0,0.0,0.0,0.0,0.0,0.0,0.0,0.0,0.0,0.0,0.0,0.0,0.0,0.0,0.0,0.0,0.0,0.0,0.0,0.0,0.0,0.0,0.0,0.0,0.0,0.0,0.0,0.0,0.0,0.0,0.0,0.0,0.0,0.0,0.0,0.0,0.0,0.0,0.0,0.0,0.0,0.0,0.0,0.0,0.0,0.0,0.0,0.0,0.0,0.0,0.0,0.0,0.0,0.0,0.0,0.0,0.0,0.0,0.0,0.0,0.0,0.0,0.0,0.0,0.0,0.0,0.0,0.0,0.0,0.0,0.0,0.0,0.0,0.0,0.0,0.0,0.0,0.0,0.0,0.0,0.0,0.0,0.0,0.0,0.0,0.0,0.0,0.0,0.0,0.0,0.0,0.0,0.0,0.0,0.0,0.0,0.0,0.0,0.0,0.0,3.718244904719999e-05,4.196376414239999e-05,4.686717802560001e-05,5.18958120192e-05,5.705260383840001e-05,6.234122562720002e-05,6.776479870800002e-05,7.33268116176e-05,7.90307528928e-05,9.580522437400006e-05,0.00011370876158999996,0.00013206931245799997,0.00015089893249399996,0.000170209129236,0.00019001195819999997,0.00021032002288000004,0.00025595952122799994,0.00031318103129599997,0.00037186181685999997,0.0004320415161879998,0.0004937568313799998,0.0005570488687879999,0.0006559095206159998,0.0007810837190913334,0.0009094493199053336,0.0010436444602000003,0.0011865429624000005,0.0013330912923999992,0.0014833800384,0.0018103868438333335,0.0024602138927999986,0.0031266323218000006,0.0035471335644039997,0.0038154507947319996,0.004090616466144001,0.004372805354168,0.004414413827984001,0.0041380882017920005,0.0038547094759760004,0.003564097790071999,0.0032660690012239996,0.002960430401791999,0.002646989284136,0.0023540242333520006,0.0021641900220199994,0.001969512358864,0.0017698630058520005,0.0015651186571839998,0.001355146142596,0.00116181164713,0.001186124454922,0.001211057952862,0.001236628160512,0.0012628508259160001,0.00128974278319,0.0013231487107322002,0.0013589455651426001,0.0013956562077704,0.0014333036637418002,0.001472297582492,0.0015151379466025999,0.0015590722528136002,0.0016041276451676,0.0016503334987244,0.0015691895322946,0.0014776865572948,0.0013838485546979998,0.001305103426159,0.0013181802643642,0.001331590809928,0.0013453436908138,0.002368648969320946,0.0038422976803208007,0.005353575688126345,0.006903418762741025,0.008492828839724112,0.01012280785463486,0.011794395551921539,0.013508650580476973,0.015266659945860718,0.017069539010299114,0.0189184503971298,0.02081454727746814,0.022759039535763064,0.02475317486535249,0.026798210411796634,0.028895441129544713,0.03104620923415726,0.03325187584563929,0.03551384934510712,0.037833547565899316,0.040212445054688004,0.04265206361925657,0.04515406685072229,0.04771977806020115,0.05035108769214457,0.05304950810211372,0.05581683521233743,0.05865477042282201,0.06156520417801886,0.06454983787793428,0.06813711622250002,0.08853184241499996,0.10944673883499996,0.13089593053,0.15289292841499996,0.17545124340500004,0.18976972941766665,0.18812419046466664,0.18643665152699998,0.1847060051,0.18293122887166663,0.18111113014466665,0.17924455881799997,0.18518734194400002,0.2496382283140001,0.31573377655600005,0.3835173408520002,0.45303087686199994,0.5142818515400001,0.5764458178399999,0.64019732876,0.705574437804,0.7726211443359999,0.8413802585480002,0.9118934014600001,0.9842057616080001,1.0518513572000001,1.0518321710000003,1.0518124952,1.0517923172,1.0517716238,1.0517504027,1.0517286395000003,1.0517063210000002,0.9950522773664002,0.9270946875175999,0.8574034590944,0.7859325586075999,0.7126368211244,0.6374710817120003,0.560386701212,0.48133417190960015,0.40026398608999997,0.31712403036919995,0.23186305991960005,0.1831466,0.1831466,0.1831466,0.1831466,0.1831466,0.1831466,0.1831466,0.1831466,0.1831466,0.1831466,0.1831466,0.1831466,0.1831466,0.1831466,0.1831466,0.1831466,0.1831466,0.1831466,0.1831466,0.1831466,0.1831466,0.1831466,0.1831466,0.1831466,0.1831466,0.1831466,0.1831466,0.1831466,0.1831466,0.1831466,0.1831466,0.1831466,0.1831466,0.1831466,0.1831466,0.1831466,0.1831466,0.1831466,0.1831466,0.1831466,0.1831466,0.1831466,0.1831466,0.1831466,0.1831466,0.1831466,0.1831466,0.1831466,0.1831466,0.1831466,0.1831466,0.1831466,0.1831466
Na,0.0,0.0,0.0,0.0,0.0,0.0,0.0,0.0,0.0,0.0,0.0,0.0,0.0,0.0,0.0,0.0,0.0,0.0,0.0,0.0,0.0,0.0,0.0,0.0,0.0,0.0,0.0,0.0,0.0,0.0,0.0,0.0,0.0,0.0,0.0,0.0,0.0,0.0,0.0,0.0,0.0,0.0,0.0,0.0,0.0,0.0,0.0,0.0,0.0,0.0,0.0,0.0,0.0,0.0,0.0,0.0,0.0,0.0,0.0,0.0,0.0,0.0,0.0,0.0,0.0,0.0,0.0,0.0,0.0,0.0,0.0,0.0,0.0,0.0,0.0,0.0,0.0,0.0,0.0,0.0,0.0,0.0,0.0,0.0,0.0,0.0,0.0,0.0,0.0,0.0,0.0,0.0,0.0,0.0,0.0,0.0,0.0,0.0,0.0,0.0,0.0,8.104311955999996e-07,9.165638951999996e-07,1.0254068688e-06,1.1370294016e-06,1.2514967032000002e-06,1.3688902856000004e-06,1.4892794340000002e-06,1.6127415847999999e-06,1.7393541744000001e-06,2.2677447440000017e-06,2.835192039999998e-06,3.417124247999999e-06,4.0139234639999985e-06,4.625954415999999e-06,5.253599199999999e-06,5.89725728e-06,7.320960427999998e-06,9.101585696e-06,1.0927620859999998e-05,1.2800299387999995e-05,1.4720763379999997e-05,1.6690291988e-05,1.89950176e-05,2.155829546666667e-05,2.4186925866666672e-05,2.6808763350000006e-05,2.9344280200000008e-05,3.194455769999998e-05,3.4611203199999996e-05,4.008694e-05,5.068838399999997e-05,6.1560504e-05,6.784924427999999e-05,7.128651923999999e-05,7.481152608000001e-05,7.842650376e-05,7.792282604e-05,7.198514352000001e-05,6.589590406000002e-05,5.9651242819999976e-05,5.324720293999999e-05,4.667964351999998e-05,3.994442366e-05,3.415295692000001e-05,3.25472167e-05,3.090050744e-05,2.9211744420000007e-05,2.7479884639999996e-05,2.5703801659999997e-05,2.4190933899999997e-05,2.576153566e-05,2.7372233859999997e-05,2.9024063359999998e-05,3.071804148e-05,3.24552557e-05,3.317380326e-05,3.363004158e-05,3.4097926319999996e-05,3.457775094e-05,3.5211621599999994e-05,3.691216547999999e-05,3.865613328e-05,4.044460247999999e-05,4.227873912e-05,4.10351639e-05,3.9558378199999994e-05,3.8043906999999996e-05,3.6292724599999994e-05,3.343417748e-05,3.0502683200000005e-05,2.7496355719999998e-05,3.452374411428574e-05,4.5980534400000004e-05,5.772987131428573e-05,6.977902994285711e-05,8.213579977142855e-05,9.48079702857143e-05,0.00010780362491428568,0.00012113099405714286,0.0001347985285714286,0.00014881489977142855,0.0001631891464,0.00017793023371428572,0.00019304756788571432,0.00020855084902857146,0.00022444985074285718,0.00024075464057142856,0.0002574756534857143,0.00027462347142857146,0.0002922090437714286,0.0003102433933714286,0.00032873798400000003,0.00034770464685714283,0.0003671563154285715,0.0003871032777142858,0.0004075602308571428,0.0004285389325714286,0.0004500533451428571,0.00047211669600000006,0.0004947436822857143,0.0005179475314285713,0.0005481872350000001,0.0007838050899999996,0.0010254324099999996,0.0012732323800000002,0.0015273610899999995,0.0017879746300000004,0.0019658166333333333,0.001982556733333333,0.0019997240999999996,0.00201733,0.0020353848333333332,0.002053900733333333,0.0020728893999999998,0.0020681919999999995,0.0018838519999999994,0.0016948079999999997,0.0015009359999999994,0.0013021160000000003,0.0018145183,0.0023864067999999983,0.0029729001999999997,0.0035743485799999987,0.0041911567199999986,0.004823718460000002,0.005472416699999999,0.00613766716,0.006737219839999999,0.006471171200000001,0.006198333440000001,0.0059185318399999996,0.00563158336,0.005337317439999999,0.0050355344000000005,0.0047260512,0.004414146976000001,0.004095232583999999,0.0037681824960000003,0.0034327806839999997,0.003088815196,0.0027360740800000008,0.00237432908,0.002003347864000001,0.0016228980999999998,0.001232735228,0.0008326187640000003,0.000604,0.000604,0.000604,0.000604,0.000604,0.000604,0.000604,0.000604,0.000604,0.000604,0.000604,0.000604,0.000604,0.000604,0.000604,0.000604,0.000604,0.000604,0.000604,0.000604,0.000604,0.000604,0.000604,0.000604,0.000604,0.000604,0.000604,0.000604,0.000604,0.000604,0.000604,0.000604,0.000604,0.000604,0.000604,0.000604,0.000604,0.000604,0.000604,0.000604,0.000604,0.000604,0.000604,0.000604,0.000604,0.000604,0.000604,0.000604,0.000604,0.000604,0.000604,0.000604,0.000604
Mg,0.0,0.0,0.0,0.0,0.0,0.0,0.0,0.0,0.0,0.0,0.0,0.0,0.0,0.0,0.0,0.0,0.0,0.0,0.0,0.0,0.0,0.0,0.0,0.0,0.0,0.0,0.0,0.0,0.0,0.0,0.0,0.0,0.0,0.0,0.0,0.0,0.0,0.0,0.0,0.0,0.0,0.0,0.0,0.0,0.0,0.0,0.0,0.0,0.0,0.0,0.0,0.0,0.0,0.0,0.0,0.0,0.0,0.0,0.0,0.0,0.0,0.0,0.0,0.0,0.0,0.0,0.0,0.0,0.0,0.0,0.0,0.0,0.0,0.0,0.0,0.0,0.0,0.0,0.0,0.0,0.0,0.0,0.0,0.0,0.0,0.0,0.0,0.0,0.0,0.0,0.0,0.0,0.0,0.0,0.0,0.0,0.0,0.0,0.0,0.0,0.0,1.2217800415999997e-05,1.3186942271999995e-05,1.4180832768e-05,1.5200104575999998e-05,1.6245353152e-05,1.7317322816000002e-05,1.841664624e-05,1.9544030527999997e-05,2.0700182784e-05,2.2688192408000005e-05,2.4778416279999992e-05,2.6921996135999996e-05,2.9120339447999998e-05,3.1374789712e-05,3.36867544e-05,3.6057704960000007e-05,4.041058560799999e-05,4.5681211456e-05,5.1086249959999996e-05,5.6629352167999985e-05,6.231389867999999e-05,6.814367576799999e-05,7.524045039999999e-05,8.330208020000001e-05,9.156924680000001e-05,0.00010211389215000002,0.00011720718580000005,0.00013268598329999992,0.0001485598528,0.00016634782000000001,0.00018733435199999994,0.00020885671200000002,0.00023338469151999995,0.00026006149215999994,0.00028741918272000007,0.00031547513983999994,0.00033219191367999995,0.00033381538783999997,0.00033548030052000003,0.00033718770844,0.00033893869348,0.00034073438784,0.00034257592372000003,0.00034414556796,0.00034451659710000004,0.00034489709272,0.00034528730546,0.00034568747632000006,0.00034609786558000005,0.00034854226310000004,0.00037152462614,0.00039509371394,0.00041926466943999994,0.00044405237892,0.0004694727553,0.0004859039131800001,0.00050020979694,0.00051488086776,0.0005299263274200001,0.0005506845572,0.0006114501976599998,0.0006737675077600001,0.0007376749891599998,0.0008032143080399998,0.0007835583013,0.0007577994994,0.000731383369,0.0007189877649,0.0007851205626199999,0.0008529410007999998,0.0009224927131800001,0.0019427981509700031,0.0033880546505200004,0.004870215457980003,0.006390198314239997,0.007948985850959997,0.009547560699800003,0.011186942572859997,0.012868169722460002,0.014592308211250004,0.016360451912209997,0.018173741048870002,0.02003330657465,0.021940335063630006,0.023896050170330006,0.025901684819380006,0.027958509015849998,0.030067839115360002,0.032231010013750006,0.03444940295741,0.03672440846284,0.0390574726672,0.041450088058199996,0.0439038861752,0.04642016483360001,0.04900077805539999,0.05164720905820001,0.054361219162899994,0.0571444769893,0.0599988365594,0.06292596649299999,0.06583342259000001,0.06581449346000001,0.06579508154,0.06577517372000001,0.06575475746000001,0.06573382022,0.06551655206333333,0.06493103487333332,0.06433057320999999,0.06371477299999999,0.06308327048333333,0.06243564127333333,0.061771476139999996,0.06587036142000001,0.10557650614500007,0.14629587483000003,0.1880551766100001,0.23088025903499992,0.22992193310000003,0.22603162760000003,0.22204197140000004,0.21795058306000004,0.21375470904000002,0.20945167022000002,0.20503886190000004,0.20051345612000002,0.19760212544000008,0.2130431792,0.22887826304,0.24511751744000004,0.26177156576,0.27885030704,0.29636533040000007,0.3143272592,0.330407314992,0.34649058402800004,0.36298414683200003,0.3798988979780001,0.397245526482,0.41503472135999997,0.43327799386000004,0.451987060788,0.47117363895000003,0.49085006182600005,0.511028457338,0.522558,0.522558,0.522558,0.522558,0.522558,0.522558,0.522558,0.522558,0.522558,0.522558,0.522558,0.522558,0.522558,0.522558,0.522558,0.522558,0.522558,0.522558,0.522558,0.522558,0.522558,0.522558,0.522558,0.522558,0.522558,0.522558,0.522558,0.522558,0.522558,0.522558,0.522558,0.522558,0.522558,0.522558,0.522558,0.522558,0.522558,0.522558,0.522558,0.522558,0.522558,0.522558,0.522558,0.522558,0.522558,0.522558,0.522558,0.522558,0.522558,0.522558,0.522558,0.522558,0.522558
Al,0.0,0.0,0.0,0.0,0.0,0.0,0.0,0.0,0.0,0.0,0.0,0.0,0.0,0.0,0.0,0.0,0.0,0.0,0.0,0.0,0.0,0.0,0.0,0.0,0.0,0.0,0.0,0.0,0.0,0.0,0.0,0.0,0.0,0.0,0.0,0.0,0.0,0.0,0.0,0.0,0.0,0.0,0.0,0.0,0.0,0.0,0.0,0.0,0.0,0.0,0.0,0.0,0.0,0.0,0.0,0.0,0.0,0.0,0.0,0.0,0.0,0.0,0.0,0.0,0.0,0.0,0.0,0.0,0.0,0.0,0.0,0.0,0.0,0.0,0.0,0.0,0.0,0.0,0.0,0.0,0.0,0.0,0.0,0.0,0.0,0.0,0.0,0.0,0.0,0.0,0.0,0.0,0.0,0.0,0.0,0.0,0.0,0.0,0.0,0.0,0.0,1.0793199839999998e-06,1.1622345279999997e-06,1.2472664319999999e-06,1.334469824e-06,1.4238956480000001e-06,1.5156075840000001e-06,1.6096597600000002e-06,1.7061126719999999e-06,1.805026816e-06,1.9146212480000003e-06,2.0275356799999995e-06,2.1433324159999997e-06,2.262087488e-06,2.3838734719999996e-06,2.5087663999999997e-06,2.63684576e-06,2.8187880439999994e-06,3.026613408e-06,3.23973878e-06,3.4583081239999994e-06,3.6824547399999996e-06,3.912327924e-06,4.2382828e-06,4.635772233333334e-06,5.043395933333334e-06,5.655242640000002e-06,6.684119680000004e-06,7.739275679999995e-06,8.82136288e-06,9.8591989e-06,1.0792775039999997e-05,1.175018724e-05,1.2968179279999997e-05,1.4363624239999997e-05,1.5794686080000003e-05,1.7262273759999995e-05,1.7918105039999997e-05,1.749739552e-05,1.706594756e-05,1.6623487319999997e-05,1.6169734439999997e-05,1.570439552e-05,1.522717716e-05,1.4894873e-05,1.5164292500000001e-05,1.5440586e-05,1.57239355e-05,1.6014516e-05,1.63125165e-05,1.66669753e-05,1.7524806819999998e-05,1.8404538219999996e-05,1.9306734719999997e-05,2.0231951959999998e-05,2.1180783899999997e-05,2.1627177619999998e-05,2.194591946e-05,2.227279784e-05,2.260801778e-05,2.3131018799999998e-05,2.4995165139999993e-05,2.6906913040000003e-05,2.8867443639999994e-05,3.087803516e-05,3.223973498e-05,3.359105924e-05,3.49768674e-05,3.7212319299999996e-05,4.387380533999999e-05,5.070528559999998e-05,5.771115526e-05,0.0001138706193428573,0.0001920502952,0.00027222627194285726,0.00035444819382857124,0.00043876921531428554,0.0005252424908571429,0.0006139231807428569,0.0007048674481714285,0.0007981329607142858,0.0008937788903142855,0.0009918669162,0.001092458216142857,0.001195616976657143,0.0013014093900857143,0.0014099021502285715,0.0015211639567142856,0.0016352660164571427,0.0017522805392857143,0.0018722822423142855,0.0019953463441142855,0.002121551072,0.002250977160571428,0.0023837128662857142,0.0025198283931428572,0.002659424032571428,0.002802580017714286,0.002949391625428571,0.003099949118,0.0032543527868571427,0.0034126928942857133,0.0035638207,0.0033612458000000004,0.0031535042,0.0029404556,0.0027219658000000005,0.0024979005999999997,0.002348210266666667,0.0023430594666666664,0.0023377771999999997,0.00233236,0.0023268046666666668,0.0023211074666666665,0.0023152648,0.0024193126000000005,0.0033433168500000016,0.004290899900000001,0.005262683300000002,0.006259268549999999,0.0062097265,0.006089494000000001,0.005966191000000001,0.005839743900000001,0.005710067600000001,0.005577079300000001,0.005440698500000001,0.0053008378,0.005208660560000002,0.005660175799999999,0.00612321296,0.006598068560000001,0.00708505324,0.007584456460000001,0.0080966171,0.008621845799999998,0.009410941599999998,0.0102637794,0.0111383736,0.012035301900000003,0.012955131100000001,0.013898427999999997,0.014865803,0.015857877399999998,0.016875272500000003,0.017918642300000003,0.018988629899999998,0.0196,0.0196,0.0196,0.0196,0.0196,0.0196,0.0196,0.0196,0.0196,0.0196,0.0196,0.0196,0.0196,0.0196,0.0196,0.0196,0.0196,0.0196,0.0196,0.0196,0.0196,0.0196,0.0196,0.0196,0.0196,0.0196,0.0196,0.0196,0.0196,0.0196,0.0196,0.0196,0.0196,0.0196,0.0196,0.0196,0.0196,0.0196,0.0196,0.0196,0.0196,0.0196,0.0196,0.0196,0.0196,0.0196,0.0196,0.0196,0.0196,0.0196,0.0196,0.0196,0.0196
Si,0.0,0.0,0.0,0.0,0.0,0.0,0.0,0.0,0.0,0.0,0.0,0.0,0.0,0.0,0.0,0.0,0.0,0.0,0.0,0.0,0.0,0.0,0.0,0.0,0.0,0.0,0.0,0.0,0.0,0.0,0.0,0.0,0.0,0.0,0.0,0.0,0.0,0.0,0.0,0.0,0.0,0.0,0.0,0.0,0.0,0.0,0.0,0.0,0.0,0.0,0.0,0.0,0.0,0.0,0.0,0.0,0.0,0.0,0.0,0.0,0.0,0.0,0.0,0.0,0.0,0.0,0.0,0.0,0.0,0.0,0.0,0.0,0.0,0.0,0.0,0.0,0.0,0.0,0.0,0.0,0.0,0.0,0.0,0.0,0.0,0.0,0.0,0.0,0.0,0.0,0.0,0.0,0.0,0.0,0.0,0.0,0.0,0.0,0.0,0.0,0.0,1.3018976119199999e-05,1.3963722766399997e-05,1.4932595081600001e-05,1.59262098112e-05,1.6945147422400003e-05,1.7990133499200002e-05,1.9061784788000003e-05,2.01607905936e-05,2.12878402208e-05,2.2481114017200006e-05,2.3707241901999996e-05,2.49646684724e-05,2.62542193532e-05,2.7576682640800002e-05,2.8932883960000002e-05,3.0323686464000004e-05,3.1717009968e-05,3.3132030976000005e-05,3.4583138160000006e-05,3.6071311727999995e-05,3.759745928e-05,3.9162597328e-05,4.072777616e-05,4.2305038413333335e-05,4.392251405333333e-05,4.583568294500001e-05,4.8324499340000006e-05,5.087688358999999e-05,5.3494413439999995e-05,5.61450168e-05,5.880186847999999e-05,6.152655488e-05,6.620886691199999e-05,7.218081129599999e-05,7.830518163200001e-05,8.458586790399999e-05,8.843697953199999e-05,8.9052170416e-05,8.968306379799999e-05,9.0330060106e-05,9.099356930199999e-05,9.1674020416e-05,9.2371842478e-05,9.348861135999999e-05,9.619204360000001e-05,9.896445152e-05,0.00010180766135999999,0.00010472342912,0.00010771365128,0.00011088466026999999,0.00011519369663799999,0.000119612739898,0.00012414462924799997,0.000128792155764,0.00013355830301,0.000136737878798,0.00013954759853400002,0.000142429042136,0.000145384016862,0.00014871954728,0.000154400469884,0.00016022645662400003,0.00016620110698399996,0.000172328316296,0.00017829199608,0.00018438733103999999,0.0001906382104,0.0001975982558,0.00020768492403999998,0.00021802899359999996,0.00022863711956000002,0.00166340675591429,0.0037333396232000003,0.005856127772514289,0.008033085615542852,0.010265620502171424,0.012555139782285715,0.014903103913314278,0.017310999906457143,0.01978035460357143,0.02231273467717142,0.0249097731842,0.02757308990471428,0.030304384280085715,0.03310540885922857,0.03597792946794286,0.03892376503957142,0.04194480089188571,0.04504294889642857,0.04822018730917142,0.05147850766297143,0.05481998115199999,0.058246745354857125,0.06176113700342857,0.06536501486171428,0.06906103430685713,0.07285131964057143,0.07673839347114284,0.080724645638,0.0848127315182857,0.08900504095142854,0.09291946990499998,0.08470638607,0.07628382643,0.06764610273999999,0.058787774070000014,0.04970339948999999,0.04864791681333335,0.06286773037333335,0.07745048396,0.09240574800000001,0.10774235673333336,0.12347061677333333,0.13960046663999995,0.1531049809,0.14439837227499996,0.13546958785,0.12631277095,0.11692225382500003,0.11605427524000002,0.11573184304000002,0.11540117656000003,0.11506207842400001,0.11471432041600002,0.11435768048800002,0.11399194276000002,0.11361687284800001,0.11464227212800006,0.13071570303999996,0.14719930124799996,0.16410362252800004,0.181439725312,0.19921791404800002,0.21745025248000002,0.23614779903999994,0.27084345095999995,0.30912647914,0.34838613016000003,0.3886483363900001,0.42993854091,0.4722821867999999,0.5157066743000001,0.56023989294,0.6059097322500001,0.6527455496300001,0.7007762131899999,0.72822,0.72822,0.72822,0.72822,0.72822,0.72822,0.72822,0.72822,0.72822,0.72822,0.72822,0.72822,0.72822,0.72822,0.72822,0.72822,0.72822,0.72822,0.72822,0.72822,0.72822,0.72822,0.72822,0.72822,0.72822,0.72822,0.72822,0.72822,0.72822,0.72822,0.72822,0.72822,0.72822,0.72822,0.72822,0.72822,0.72822,0.72822,0.72822,0.72822,0.72822,0.72822,0.72822,0.72822,0.72822,0.72822,0.72822,0.72822,0.72822,0.72822,0.72822,0.72822,0.72822
P,0.0,0.0,0.0,0.0,0.0,0.0,0.0,0.0,0.0,0.0,0.0,0.0,0.0,0.0,0.0,0.0,0.0,0.0,0.0,0.0,0.0,0.0,0.0,0.0,0.0,0.0,0.0,0.0,0.0,0.0,0.0,0.0,0.0,0.0,0.0,0.0,0.0,0.0,0.0,0.0,0.0,0.0,0.0,0.0,0.0,0.0,0.0,0.0,0.0,0.0,0.0,0.0,0.0,0.0,0.0,0.0,0.0,0.0,0.0,0.0,0.0,0.0,0.0,0.0,0.0,0.0,0.0,0.0,0.0,0.0,0.0,0.0,0.0,0.0,0.0,0.0,0.0,0.0,0.0,0.0,0.0,0.0,0.0,0.0,0.0,0.0,0.0,0.0,0.0,0.0,0.0,0.0,0.0,0.0,0.0,0.0,0.0,0.0,0.0,0.0,0.0,1.6008339479999998e-07,1.714060216e-07,1.8301779040000002e-07,1.9492609279999998e-07,2.0713788560000001e-07,2.1966186480000005e-07,2.3250542200000003e-07,2.456768184e-07,2.591843152e-07,2.7735416040000007e-07,2.96264714e-07,3.1565798679999997e-07,3.355467124e-07,3.559430456e-07,3.7685972e-07,3.9831004800000004e-07,4.225413672e-07,4.483285504e-07,4.74773364e-07,5.018936711999999e-07,5.297060119999999e-07,5.582289111999999e-07,5.743203919999999e-07,5.816051793333333e-07,5.890756973333332e-07,6.009190705e-07,6.21726446e-07,6.430652709999998e-07,6.64948736e-07,6.878060433333333e-07,7.120018559999999e-07,7.36815436e-07,7.985389135999998e-07,8.843191087999999e-07,9.722887296000003e-07,1.0625036512e-06,1.12627512e-06,1.15466656e-06,1.18378268e-06,1.21364196e-06,1.24426332e-06,1.2756665600000002e-06,1.30787148e-06,1.345507652e-06,1.4020087700000001e-06,1.4599514640000001e-06,1.519373902e-06,1.5803127840000001e-06,1.6428077460000001e-06,1.71012776e-06,1.8118497440000002e-06,1.916168624e-06,2.023151424e-06,2.132864032e-06,2.2453768799999997e-06,2.3156891059999998e-06,2.3758958979999997e-06,2.437639592e-06,2.5009589139999997e-06,2.5825879999999993e-06,2.789971399999999e-06,3.0026504000000006e-06,3.2207563999999995e-06,3.4444316e-06,3.572141944e-06,3.6965578720000004e-06,3.82414872e-06,3.9807566e-06,4.279579079999999e-06,4.586027199999999e-06,4.90029812e-06,1.309652128028574e-05,2.4811802056000005e-05,3.682622995828573e-05,4.914724421485711e-05,6.178281005942855e-05,7.47408927257143e-05,8.802975802228568e-05,0.00010165782204514286,0.00011563372632142859,0.00012996633780942854,0.00014466489918600001,0.0001597385779842857,0.00017519699259971433,0.00019105006200257146,0.00020730778030685716,0.00022398044220142856,0.0002410787180937143,0.00025861342867857147,0.00027659577036942854,0.0002950370147234286,0.00031394888416,0.0003333434768171428,0.0003532340179885715,0.00037363102779428573,0.0003945495349771428,0.0004160015625314286,0.00043800138776285707,0.00046056253654,0.00048370003760571427,0.0005074274168285713,0.000528721763,0.0004540347220000002,0.00037744277800000017,0.0002988942039999999,0.00021833952200000015,0.00013572925399999987,8.593384466666667e-05,9.955771066666668e-05,0.00011352930599999999,0.0001278578,0.0001425516566666667,0.00015762075066666666,0.00017307460399999992,0.00018928984,0.00020864554000000002,0.00022849516,0.00024885172,0.00026972781999999996,0.00026265757,0.00025356172,0.00024423358,0.00023466758200000004,0.000224857288,0.000214796434,0.00020447893000000004,0.00019389816400000001,0.0001863108720000001,0.00021329945999999994,0.00024097675199999995,0.0002693604720000001,0.00029846918800000005,0.00032832020200000006,0.00035893377000000004,0.00039032845999999996,0.0005433845999999998,0.0007213851500000002,0.0009039266000000001,0.0010911295250000006,0.0012831122250000003,0.0014799929999999995,0.0016818992500000002,0.0018889606499999999,0.0021013068750000002,0.0023190744250000004,0.002542397525,0.00267,0.00267,0.00267,0.00267,0.00267,0.00267,0.00267,0.00267,0.00267,0.00267,0.00267,0.00267,0.00267,0.00267,0.00267,0.00267,0.00267,0.00267,0.00267,0.00267,0.00267,0.00267,0.00267,0.00267,0.00267,0.00267,0.00267,0.00267,0.00267,0.00267,0.00267,0.00267,0.00267,0.00267,0.00267,0.00267,0.00267,0.00267,0.00267,0.00267,0.00267,0.00267,0.00267,0.00267,0.00267,0.00267,0.00267,0.00267,0.00267,0.00267,0.00267,0.00267,0.00267
S,0.0,0.0,0.0,0.0,0.0,0.0,0.0,0.0,0.0,0.0,0.0,0.0,0.0,0.0,0.0,0.0,0.0,0.0,0.0,0.0,0.0,0.0,0.0,0.0,0.0,0.0,0.0,0.0,0.0,0.0,0.0,0.0,0.0,0.0,0.0,0.0,0.0,0.0,0.0,0.0,0.0,0.0,0.0,0.0,0.0,0.0,0.0,0.0,0.0,0.0,0.0,0.0,0.0,0.0,0.0,0.0,0.0,0.0,0.0,0.0,0.0,0.0,0.0,0.0,0.0,0.0,0.0,0.0,0.0,0.0,0.0,0.0,0.0,0.0,0.0,0.0,0.0,0.0,0.0,0.0,0.0,0.0,0.0,0.0,0.0,0.0,0.0,0.0,0.0,0.0,0.0,0.0,0.0,0.0,0.0,0.0,0.0,0.0,0.0,0.0,0.0,1.0693590606519996e-05,1.1467073929839996e-05,1.226030942896e-05,1.3073802046719998e-05,1.390802702344e-05,1.4763578409520001e-05,1.56409611478e-05,1.654073958616e-05,1.746347807248e-05,1.8436619834e-05,1.9436317689999997e-05,2.0461534277999998e-05,2.1512942754e-05,2.2591185676e-05,2.3696936200000002e-05,2.4830898080000003e-05,2.5946212544e-05,2.7069997408e-05,2.822244128e-05,2.9404322623999996e-05,3.061636224e-05,3.1859367424e-05,3.3071208408e-05,3.4269994220666664e-05,3.5499343902666666e-05,3.6762995897500004e-05,3.806486277000001e-05,3.939998114499999e-05,4.076917632e-05,4.215397273666666e-05,4.3538903551999993e-05,4.4959194411999995e-05,4.645995925159999e-05,4.80264745628e-05,4.96329730976e-05,5.128047524719999e-05,5.2931378365999995e-05,5.4574662007999996e-05,5.6259889798999996e-05,5.7988131353000004e-05,5.9760481751000004e-05,6.1578087008e-05,6.3442093139e-05,6.535415137280001e-05,6.7316880128e-05,6.932968616960001e-05,7.13938953728e-05,7.35107826176e-05,7.56817247744e-05,7.792171343199999e-05,8.03568804208e-05,8.285421563679999e-05,8.54153235968e-05,8.80417816224e-05,9.0735275816e-05,9.353137607800001e-05,9.6407760774e-05,9.9357571096e-05,0.000102382657182,0.000105474112024,0.0001085637099172,0.0001117322016592,0.00011498154484719998,0.00011831385797679998,0.00012194047413459999,0.0001256731872148,0.00012950115389800002,0.00013340151135900002,0.0001372655961242,0.000141228288328,0.00014529213745380001,0.0007314228404543447,0.0015771461101552003,0.0024444647381619443,0.0033339157605138266,0.0042460741854953125,0.005181515021390858,0.00614083497491074,0.007124641601978172,0.008133558732335715,0.009168226469545312,0.0102293120402012,0.011317477246291141,0.01243341643744166,0.013577845661705088,0.01475148639174023,0.015955081798631712,0.01718940217649646,0.018455228668664288,0.019753369541497312,0.021084638485964115,0.022449881740672,0.023849972667260567,0.02528586599646629,0.026758321173193145,0.028268423118732566,0.029817039770117716,0.03140520180257542,0.033033885645268005,0.034704176219486856,0.03641704995439428,0.03801019595039,0.03445152050666001,0.03080208056834001,0.027059411456119998,0.02322115565066001,0.019284955632619994,0.019507892189983344,0.027627042215033343,0.03595342171705,0.04449249516500001,0.053249306684083356,0.06222974108703334,0.07143947301469997,0.07857303707985999,0.06872306213953498,0.05862173490388999,0.04826242958962997,0.03763873414840502,0.037579926450040005,0.03822167902384001,0.038879820687760004,0.03955474428890401,0.040246904056736005,0.040956741944248004,0.04168468762796,0.042431207613808,0.04368595458909602,0.05018398451477999,0.05684783338593599,0.06368176860189602,0.070690260771484,0.07787747568928602,0.08524829038311002,0.09280717546178,0.1063903142772,0.12133524436730002,0.1366614285212,0.15237899021855006,0.16849786192995003,0.18502797612599997,0.20198002931350004,0.2193649090083,0.23719350272625003,0.25547727101035006,0.27422748339455,0.28494099,0.28494099,0.28494099,0.28494099,0.28494099,0.28494099,0.28494099,0.28494099,0.28494099,0.28494099,0.28494099,0.28494099,0.28494099,0.28494099,0.28494099,0.28494099,0.28494099,0.28494099,0.28494099,0.28494099,0.28494099,0.28494099,0.28494099,0.28494099,0.28494099,0.28494099,0.28494099,0.28494099,0.28494099,0.28494099,0.28494099,0.28494099,0.28494099,0.28494099,0.28494099,0.28494099,0.28494099,0.28494099,0.28494099,0.28494099,0.28494099,0.28494099,0.28494099,0.28494099,0.28494099,0.28494099,0.28494099,0.28494099,0.28494099,0.28494099,0.28494099,0.28494099,0.28494099
Cl,0.0,0.0,0.0,0.0,0.0,0.0,0.0,0.0,0.0,0.0,0.0,0.0,0.0,0.0,0.0,0.0,0.0,0.0,0.0,0.0,0.0,0.0,0.0,0.0,0.0,0.0,0.0,0.0,0.0,0.0,0.0,0.0,0.0,0.0,0.0,0.0,0.0,0.0,0.0,0.0,0.0,0.0,0.0,0.0,0.0,0.0,0.0,0.0,0.0,0.0,0.0,0.0,0.0,0.0,0.0,0.0,0.0,0.0,0.0,0.0,0.0,0.0,0.0,0.0,0.0,0.0,0.0,0.0,0.0,0.0,0.0,0.0,0.0,0.0,0.0,0.0,0.0,0.0,0.0,0.0,0.0,0.0,0.0,0.0,0.0,0.0,0.0,0.0,0.0,0.0,0.0,0.0,0.0,0.0,0.0,0.0,0.0,0.0,0.0,0.0,0.0,0.0,0.0,0.0,0.0,0.0,0.0,0.0,0.0,0.0,0.0,0.0,0.0,0.0,0.0,0.0,0.0,0.0,0.0,0.0,0.0,0.0,0.0,0.0,0.0,0.0,0.0,0.0,0.0,0.0,0.0,0.0,0.0,0.0,0.0,0.0,0.0,0.0,0.0,0.0,0.0,0.0,0.0,0.0,0.0,0.0,0.0,0.0,0.0,0.0,0.0,0.0,0.0,0.0,0.0,0.0,0.0,0.0,0.0,0.0,0.0,0.0,0.0,0.0,0.0,0.0,0.0,0.0,0.0,0.0,0.0,0.0,1.4787702857142904e-06,3.6168960000000008e-06,5.809618285714289e-06,8.058294857142852e-06,1.0364379428571425e-05,1.2729325714285717e-05,1.515464228571428e-05,1.7641865142857144e-05,2.0192571428571432e-05,2.2808379428571423e-05,2.5490976e-05,2.8242034285714284e-05,3.106330971428572e-05,3.395661257142858e-05,3.692376685714286e-05,3.996665142857143e-05,4.308721371428572e-05,4.6287428571428575e-05,4.9569339428571424e-05,5.293500342857143e-05,5.6386560000000004e-05,5.992621714285713e-05,6.355638857142857e-05,6.72789942857143e-05,7.109677714285713e-05,7.501193142857144e-05,7.902706285714284e-05,8.314464e-05,8.736740571428571e-05,9.169782857142855e-05,9.556810744999999e-05,8.140945030000004e-05,6.688967470000003e-05,5.199897459999999e-05,3.672797030000003e-05,2.106728209999998e-05,1.5748859700000017e-05,3.0192990600000016e-05,4.50057869e-05,6.019697000000002e-05,7.577551350000003e-05,9.175188660000001e-05,0.00010813618459999994,0.00012096181400000001,0.00010457859649999998,8.7777311e-05,7.054693699999995e-05,5.2876809500000025e-05,5.381369e-05,5.6009239999999995e-05,5.826086e-05,6.0569894e-05,6.2937896e-05,6.536637800000002e-05,6.785681000000001e-05,7.041078800000001e-05,7.351954640000003e-05,8.1923102e-05,9.054110239999999e-05,9.937906640000003e-05,0.00010844277560000001,0.00011773761740000002,0.00012726989900000002,0.000137045402,0.0001584194096,0.00018231451640000003,0.00020681920160000003,0.0002319496514000001,0.0002577217466,0.00028415136799999995,0.00031125561800000005,0.0003390519044,0.0003675576350000001,0.00039679113380000007,0.0004267704194,0.0004439,0.0004439,0.0004439,0.0004439,0.0004439,0.0004439,0.0004439,0.0004439,0.0004439,0.0004439,0.0004439,0.0004439,0.0004439,0.0004439,0.0004439,0.0004439,0.0004439,0.0004439,0.0004439,0.0004439,0.0004439,0.0004439,0.0004439,0.0004439,0.0004439,0.0004439,0.0004439,0.0004439,0.0004439,0.0004439,0.0004439,0.0004439,0.0004439,0.0004439,0.0004439,0.0004439,0.0004439,0.0004439,0.0004439,0.0004439,0.0004439,0.0004439,0.0004439,0.0004439,0.0004439,0.0004439,0.0004439,0.0004439,0.0004439,0.0004439,0.0004439,0.0004439,0.0004439
Ar,0.0,0.0,0.0,0.0,0.0,0.0,0.0,0.0,0.0,0.0,0.0,0.0,0.0,0.0,0.0,0.0,0.0,0.0,0.0,0.0,0.0,0.0,0.0,0.0,0.0,0.0,0.0,0.0,0.0,0.0,0.0,0.0,0.0,0.0,0.0,0.0,0.0,0.0,0.0,0.0,0.0,0.0,0.0,0.0,0.0,0.0,0.0,0.0,0.0,0.0,0.0,0.0,0.0,0.0,0.0,0.0,0.0,0.0,0.0,0.0,0.0,0.0,0.0,0.0,0.0,0.0,0.0,0.0,0.0,0.0,0.0,0.0,0.0,0.0,0.0,0.0,0.0,0.0,0.0,0.0,0.0,0.0,0.0,0.0,0.0,0.0,0.0,0.0,0.0,0.0,0.0,0.0,0.0,0.0,0.0,0.0,0.0,0.0,0.0,0.0,0.0,0.0,0.0,0.0,0.0,0.0,0.0,0.0,0.0,0.0,0.0,0.0,0.0,0.0,0.0,0.0,0.0,0.0,0.0,0.0,0.0,0.0,0.0,0.0,0.0,0.0,0.0,0.0,0.0,0.0,0.0,0.0,0.0,0.0,0.0,0.0,0.0,0.0,0.0,0.0,0.0,0.0,0.0,0.0,0.0,0.0,0.0,0.0,0.0,0.0,0.0,0.0,0.0,0.0,0.0,0.0,0.0,0.0,0.0,0.0,0.0,0.0,0.0,0.0,0.0,0.0,0.0,0.0,0.0,0.0,0.0,0.0,9.177889193600029e-05,0.00022448023897600003,0.0003605700858240002,0.0005001326981119997,0.0006432582996479997,0.0007900371142400001,0.0009405627703679996,0.001094930598848,0.0012532384840000003,0.0014155868636479996,0.001582080431456,0.0017528230299199998,0.0019279236085440004,0.0021074945215040003,0.002291648974144,0.00248050357648,0.002674179194368,0.0028727983960000003,0.0030764880054079996,0.003285375697792,0.00349959425536,0.003719280716159999,0.00394458488576,0.00417562592768,0.004412574075519999,0.0046555655161600006,0.0049047619715199995,0.00516031665184,0.0054223997907199995,0.005691164598399999,0.005940572455745,0.0053634785750300016,0.004771665837470002,0.00416473455746,0.003542302427030001,0.0029039871382099992,0.0029358745368066683,0.004240244328386668,0.00557790625878,0.006949738214000001,0.00835655055036667,0.009799288683586668,0.011278864264519996,0.012423489487098,0.010829165616575499,0.009194157686777,0.007517393243758996,0.005797834428866503,0.005816267900668,0.005950618958128,0.006088401075592001,0.0062296964956968,0.0063746003114912,0.006523205045941601,0.006675600651932,0.0068318847925936,0.007058946950460002,0.008003313139049997,0.008971777986359999,0.009964961678460003,0.01098351393409,0.012028040172985003,0.013099249179225003,0.014197790671549998,0.01589917950124,0.017744058181910004,0.019636000816040004,0.021576257097785007,0.023566053142165005,0.0256066150642,0.027699263295450006,0.029845341846610002,0.032046194728375006,0.03430323668884501,0.036617858896985,0.037940389000000005,0.037940389000000005,0.037940389000000005,0.037940389000000005,0.037940389000000005,0.037940389000000005,0.037940389000000005,0.037940389000000005,0.037940389000000005,0.037940389000000005,0.037940389000000005,0.037940389000000005,0.037940389000000005,0.037940389000000005,0.037940389000000005,0.037940389000000005,0.037940389000000005,0.037940389000000005,0.037940389000000005,0.037940389000000005,0.037940389000000005,0.037940389000000005,0.037940389000000005,0.037940389000000005,0.037940389000000005,0.037940389000000005,0.037940389000000005,0.037940389000000005,0.037940389000000005,0.037940389000000005,0.037940389000000005,0.037940389000000005,0.037940389000000005,0.037940389000000005,0.037940389000000005,0.037940389000000005,0.037940389000000005,0.037940389000000005,0.037940389000000005,0.037940389000000005,0.037940389000000005,0.037940389000000005,0.037940389000000005,0.037940389000000005,0.037940389000000005,0.037940389000000005,0.037940389000000005,0.037940389000000005,0.037940389000000005,0.037940389000000005,0.037940389000000005,0.037940389000000005,0.037940389000000005
K,0.0,0.0,0.0,0.0,0.0,0.0,0.0,0.0,0.0,0.0,0.0,0.0,0.0,0.0,0.0,0.0,0.0,0.0,0.0,0.0,0.0,0.0,0.0,0.0,0.0,0.0,0.0,0.0,0.0,0.0,0.0,0.0,0.0,0.0,0.0,0.0,0.0,0.0,0.0,0.0,0.0,0.0,0.0,0.0,0.0,0.0,0.0,0.0,0.0,0.0,0.0,0.0,0.0,0.0,0.0,0.0,0.0,0.0,0.0,0.0,0.0,0.0,0.0,0.0,0.0,0.0,0.0,0.0,0.0,0.0,0.0,0.0,0.0,0.0,0.0,0.0,0.0,0.0,0.0,0.0,0.0,0.0,0.0,0.0,0.0,0.0,0.0,0.0,0.0,0.0,0.0,0.0,0.0,0.0,0.0,0.0,0.0,0.0,0.0,0.0,0.0,0.0,0.0,0.0,0.0,0.0,0.0,0.0,0.0,0.0,0.0,0.0,0.0,0.0,0.0,0.0,0.0,0.0,0.0,0.0,0.0,0.0,0.0,0.0,0.0,0.0,0.0,0.0,0.0,0.0,0.0,0.0,0.0,0.0,0.0,0.0,0.0,0.0,0.0,0.0,0.0,0.0,0.0,0.0,0.0,0.0,0.0,0.0,0.0,0.0,0.0,0.0,0.0,0.0,0.0,0.0,0.0,0.0,0.0,0.0,0.0,0.0,0.0,0.0,0.0,0.0,0.0,0.0,0.0,0.0,0.0,0.0,4.2416985260000136e-07,1.0374689416000001e-06,1.666428488400001e-06,2.3114379391999986e-06,2.972914276799999e-06,3.6512744840000007e-06,4.346951278799999e-06,5.0603852468000005e-06,5.792028775000001e-06,6.542346051799998e-06,7.311820934600001e-06,8.100933346999999e-06,8.910186815400002e-06,9.740100601400001e-06,1.0591197900400002e-05,1.1464017642999999e-05,1.23591184288e-05,1.3277066725000001e-05,1.4218448667799999e-05,1.5183854327200001e-05,1.6173897376e-05,1.7189211155999997e-05,1.8230488016000003e-05,1.9298278688000002e-05,2.0393369931999997e-05,2.1516391156e-05,2.2668089781999998e-05,2.3849173894e-05,2.5060430252e-05,2.6302566939999995e-05,2.741974209275e-05,2.3588809968500008e-05,1.9660169406500006e-05,1.5631167166999996e-05,1.1499265368500008e-05,7.2619261294999935e-06,7.300525192500011e-06,1.546122736500001e-05,2.38302195725e-05,3.2412994250000006e-05,4.121462133750002e-05,5.0241015765e-05,5.949788121499997e-05,6.66208870842e-05,5.6322656943949984e-05,4.576163590329999e-05,3.493089665109997e-05,2.382373533785002e-05,2.2831787925700006e-05,2.2488250217200003e-05,2.2135939235800006e-05,2.1774644685820006e-05,2.1404123412880003e-05,2.1024138834340004e-05,2.0634460939300003e-05,2.0234840001640002e-05,2.031585079760002e-05,2.562803631799999e-05,3.1075780001599995e-05,3.666257047760002e-05,4.239206250040001e-05,4.826766163660002e-05,5.4293354891000014e-05,6.047279701799999e-05,6.92347554912e-05,7.864247968080001e-05,8.829020051520001e-05,9.818429065080004e-05,0.00010833100250520002,0.00011873658849599997,0.00012940778199600002,0.0001403514366168,0.00015157440597000002,0.00016308390438360003,0.0001748870259468,0.0001816311,0.0001816311,0.0001816311,0.0001816311,0.0001816311,0.0001816311,0.0001816311,0.0001816311,0.0001816311,0.0001816311,0.0001816311,0.0001816311,0.0001816311,0.0001816311,0.0001816311,0.0001816311,0.0001816311,0.0001816311,0.0001816311,0.0001816311,0.0001816311,0.0001816311,0.0001816311,0.0001816311,0.0001816311,0.0001816311,0.0001816311,0.0001816311,0.0001816311,0.0001816311,0.0001816311,0.0001816311,0.0001816311,0.0001816311,0.0001816311,0.0001816311,0.0001816311,0.0001816311,0.0001816311,0.0001816311,0.0001816311,0.0001816311,0.0001816311,0.0001816311,0.0001816311,0.0001816311,0.0001816311,0.0001816311,0.0001816311,0.0001816311,0.0001816311,0.0001816311,0.0001816311
Ca,0.0,0.0,0.0,0.0,0.0,0.0,0.0,0.0,0.0,0.0,0.0,0.0,0.0,0.0,0.0,0.0,0.0,0.0,0.0,0.0,0.0,0.0,0.0,0.0,0.0,0.0,0.0,0.0,0.0,0.0,0.0,0.0,0.0,0.0,0.0,0.0,0.0,0.0,0.0,0.0,0.0,0.0,0.0,0.0,0.0,0.0,0.0,0.0,0.0,0.0,0.0,0.0,0.0,0.0,0.0,0.0,0.0,0.0,0.0,0.0,0.0,0.0,0.0,0.0,0.0,0.0,0.0,0.0,0.0,0.0,0.0,0.0,0.0,0.0,0.0,0.0,0.0,0.0,0.0,0.0,0.0,0.0,0.0,0.0,0.0,0.0,0.0,0.0,0.0,0.0,0.0,0.0,0.0,0.0,0.0,0.0,0.0,0.0,0.0,0.0,0.0,0.0,0.0,0.0,0.0,0.0,0.0,0.0,0.0,0.0,0.0,0.0,0.0,0.0,0.0,0.0,0.0,0.0,0.0,0.0,0.0,0.0,0.0,0.0,0.0,0.0,0.0,0.0,0.0,0.0,0.0,0.0,0.0,0.0,0.0,0.0,0.0,0.0,0.0,0.0,0.0,0.0,0.0,0.0,0.0,0.0,0.0,0.0,0.0,0.0,0.0,0.0,0.0,0.0,0.0,0.0,0.0,0.0,0.0,0.0,0.0,0.0,0.0,0.0,0.0,0.0,0.0,0.0,0.0,0.0,0.0,0.0,7.335651805321451e-05,0.00017942130653000003,0.0002881944361307144,0.0003997432582171426,0.0005141398863685713,0.0006314564341642859,0.000751767736450714,0.0008751499887078571,0.0010016814273660715,0.0011314423298060712,0.0012645163749925,0.001400986561573214,0.001540939970096786,0.0016844664023789287,0.001831656340552143,0.0019826029880160713,0.0021374029497542857,0.0022961541913839286,0.0024589580801060713,0.0026259166634385713,0.0027971360708,0.002972725833192856,0.0031528056863714287,0.0033374708746857144,0.0035268574614928565,0.0037210742974785717,0.003920250642832142,0.004124508954575,0.004333985296064285,0.0045488021243214275,0.004746968472657999,0.004247062303852001,0.0037344059611480007,0.0032086532178639995,0.002669472900652001,0.002116533836163999,0.002035270046938001,0.0028518059995240007,0.0036891828428259996,0.0045479501338,0.005428615155790001,0.006331769739363999,0.007257984578283996,0.007998044709265998,0.007198845344633498,0.006379251959108999,0.005538726955202997,0.004676750077280501,0.00471739110481,0.00481897491676,0.0049231529781400005,0.005029987473206,0.005139550302504,0.0052519114233220004,0.00536713884969,0.005485306425412,0.005657808204020801,0.006381408753243998,0.007123474388252799,0.007884480313460802,0.0086649243620632,0.009465270424082801,0.010286061590278001,0.011127795693843997,0.012442455601583998,0.013869258404956002,0.015332459797264,0.016833026274106006,0.018371906095314,0.019950047520719997,0.021568471753220003,0.023228218231475996,0.024930326394150003,0.026675890387202004,0.028465986120825997,0.029488812,0.029488812,0.029488812,0.029488812,0.029488812,0.029488812,0.029488812,0.029488812,0.029488812,0.029488812,0.029488812,0.029488812,0.029488812,0.029488812,0.029488812,0.029488812,0.029488812,0.029488812,0.029488812,0.029488812,0.029488812,0.029488812,0.029488812,0.029488812,0.029488812,0.029488812,0.029488812,0.029488812,0.029488812,0.029488812,0.029488812,0.029488812,0.029488812,0.029488812,0.029488812,0.029488812,0.029488812,0.029488812,0.029488812,0.029488812,0.029488812,0.029488812,0.029488812,0.029488812,0.029488812,0.029488812,0.029488812,0.029488812,0.029488812,0.029488812,0.029488812,0.029488812,0.029488812
Sc,0.0,0.0,0.0,0.0,0.0,0.0,0.0,0.0,0.0,0.0,0.0,0.0,0.0,0.0,0.0,0.0,0.0,0.0,0.0,0.0,0.0,0.0,0.0,0.0,0.0,0.0,0.0,0.0,0.0,0.0,0.0,0.0,0.0,0.0,0.0,0.0,0.0,0.0,0.0,0.0,0.0,0.0,0.0,0.0,0.0,0.0,0.0,0.0,0.0,0.0,0.0,0.0,0.0,0.0,0.0,0.0,0.0,0.0,0.0,0.0,0.0,0.0,0.0,0.0,0.0,0.0,0.0,0.0,0.0,0.0,0.0,0.0,0.0,0.0,0.0,0.0,0.0,0.0,0.0,0.0,0.0,0.0,0.0,0.0,0.0,0.0,0.0,0.0,0.0,0.0,0.0,0.0,0.0,0.0,0.0,0.0,0.0,0.0,0.0,0.0,0.0,0.0,0.0,0.0,0.0,0.0,0.0,0.0,0.0,0.0,0.0,0.0,0.0,0.0,0.0,0.0,0.0,0.0,0.0,0.0,0.0,0.0,0.0,0.0,0.0,0.0,0.0,0.0,0.0,0.0,0.0,0.0,0.0,0.0,0.0,0.0,0.0,0.0,0.0,0.0,0.0,0.0,0.0,0.0,0.0,0.0,0.0,0.0,0.0,0.0,0.0,0.0,0.0,0.0,0.0,0.0,0.0,0.0,0.0,0.0,0.0,0.0,0.0,0.0,0.0,0.0,0.0,0.0,0.0,0.0,0.0,0.0,3.881772000000012e-09,9.494352000000002e-09,1.5250248000000007e-08,2.1153023999999985e-08,2.7206495999999988e-08,3.3414480000000005e-08,3.9780935999999984e-08,4.6309896e-08,5.3005500000000004e-08,5.987199599999998e-08,6.691381199999999e-08,7.413533999999998e-08,8.154118800000001e-08,8.9136108e-08,9.692488800000001e-08,1.0491245999999998e-07,1.13103936e-07,1.2150450000000001e-07,1.3011951599999997e-07,1.38954384e-07,1.4801471999999998e-07,1.5730631999999996e-07,1.6683552e-07,1.7660736e-07,1.8662903999999996e-07,1.9690632e-07,2.0744603999999995e-07,2.1825468e-07,2.2933943999999997e-07,2.407067999999999e-07,2.5098092199999994e-07,2.1757266800000005e-07,1.8331233200000006e-07,1.4817677599999995e-07,1.1214386800000005e-07,7.519147599999994e-08,6.441092200000004e-08,1.0358275600000004e-07,1.43754394e-07,1.8495220000000004e-07,2.2720051000000007e-07,2.70527716e-07,3.1496119599999985e-07,3.5112908e-07,3.1840872999999995e-07,2.8485342e-07,2.504411399999999e-07,2.1515059000000004e-07,2.2306845000000001e-07,2.340462e-07,2.453043e-07,2.5684947e-07,2.6868947999999997e-07,2.8083189000000003e-07,2.9328405e-07,3.0605394e-07,3.205956240000001e-07,3.5090981999999994e-07,3.81997584e-07,4.1387882400000007e-07,4.46574396e-07,4.801037340000001e-07,5.1448959e-07,5.4975282e-07,5.8663364e-07,6.245810100000001e-07,6.6349644e-07,7.034056350000001e-07,7.443338150000001e-07,7.863061999999999e-07,8.293499500000001e-07,8.7349271e-07,9.187621250000001e-07,9.65187295e-07,1.012796835e-06,1.04e-06,1.04e-06,1.04e-06,1.04e-06,1.04e-06,1.04e-06,1.04e-06,1.04e-06,1.04e-06,1.04e-06,1.04e-06,1.04e-06,1.04e-06,1.04e-06,1.04e-06,1.04e-06,1.04e-06,1.04e-06,1.04e-06,1.04e-06,1.04e-06,1.04e-06,1.04e-06,1.04e-06,1.04e-06,1.04e-06,1.04e-06,1.04e-06,1.04e-06,1.04e-06,1.04e-06,1.04e-06,1.04e-06,1.04e-06,1.04e-06,1.04e-06,1.04e-06,1.04e-06,1.04e-06,1.04e-06,1.04e-06,1.04e-06,1.04e-06,1.04e-06,1.04e-06,1.04e-06,1.04e-06,1.04e-06,1.04e-06,1.04e-06,1.04e-06,1.04e-06,1.04e-06
Ti,0.0,0.0,0.0,0.0,0.0,0.0,0.0,0.0,0.0,0.0,0.0,0.0,0.0,0.0,0.0,0.0,0.0,0.0,0.0,0.0,0.0,0.0,0.0,0.0,0.0,0.0,0.0,0.0,0.0,0.0,0.0,0.0,0.0,0.0,0.0,0.0,0.0,0.0,0.0,0.0,0.0,0.0,0.0,0.0,0.0,0.0,0.0,0.0,0.0,0.0,0.0,0.0,0.0,0.0,0.0,0.0,0.0,0.0,0.0,0.0,0.0,0.0,0.0,0.0,0.0,0.0,0.0,0.0,0.0,0.0,0.0,0.0,0.0,0.0,0.0,0.0,0.0,0.0,0.0,0.0,0.0,0.0,0.0,0.0,0.0,0.0,0.0,0.0,0.0,0.0,0.0,0.0,0.0,0.0,0.0,0.0,0.0,0.0,0.0,0.0,0.0,0.0,0.0,0.0,0.0,0.0,0.0,0.0,0.0,0.0,0.0,0.0,0.0,0.0,0.0,0.0,0.0,0.0,0.0,0.0,0.0,0.0,0.0,0.0,0.0,0.0,0.0,0.0,0.0,0.0,0.0,0.0,0.0,0.0,0.0,0.0,0.0,0.0,0.0,0.0,0.0,0.0,0.0,0.0,0.0,0.0,0.0,0.0,0.0,0.0,0.0,0.0,0.0,0.0,0.0,0.0,0.0,0.0,0.0,0.0,0.0,0.0,0.0,0.0,0.0,0.0,0.0,0.0,0.0,0.0,0.0,0.0,1.6608746848571481e-06,4.062301672000001e-06,6.5250485708571465e-06,9.050640292571423e-06,1.1640709570285711e-05,1.429688913714286e-05,1.7020873338857134e-05,1.9814387327428574e-05,2.2679202464285718e-05,2.561713632028571e-05,2.8630083482e-05,3.171992313285714e-05,3.488862687514286e-05,3.813822792371429e-05,4.147077489657143e-05,4.488837802428571e-05,4.839322455314286e-05,5.198753253571429e-05,5.567359704028571e-05,5.945372853828572e-05,6.333032992e-05,6.730588109142856e-05,7.138309300571429e-05,7.556412210285715e-05,7.985204901142856e-05,8.424933823428573e-05,8.875891636857142e-05,9.338355598e-05,9.812633769714285e-05,0.00010299003408571426,0.0001076770397,0.0001029248318,9.805141820000001e-05,9.30535076e-05,8.792795180000001e-05,8.267160259999999e-05,8.061248884000001e-05,8.467183432000001e-05,8.883478868e-05,9.310408400000001e-05,9.74822422e-05,0.00010197220552,0.00010657681111999999,0.00011252524178000002,0.00012773398305500003,0.00014333082197,0.00015932598899000004,0.00017572938456499997,0.00018134715829000003,0.00018638239084,0.00019154621326000003,0.00019684170785400003,0.00020227243853600003,0.00020784187289800003,0.00021355338221000004,0.00021941062670800002,0.00022655607300000008,0.0002460140775,0.00026596861799999997,0.00028643247300000005,0.0003074190295,0.00032894076175000005,0.00035101227375000004,0.00037364695249999993,0.000377015521792,0.00037701614772799995,0.00037701678963199996,0.00037701744792800003,0.000377018123032,0.00037701881536,0.00037701952536000005,0.000377020253488,0.0003770210002,0.0003770217659760001,0.00037702255128800003,0.00037702300000000004,0.00037702300000000004,0.00037702300000000004,0.00037702300000000004,0.00037702300000000004,0.00037702300000000004,0.00037702300000000004,0.00037702300000000004,0.00037702300000000004,0.00037702300000000004,0.00037702300000000004,0.00037702300000000004,0.00037702300000000004,0.00037702300000000004,0.00037702300000000004,0.00037702300000000004,0.00037702300000000004,0.00037702300000000004,0.00037702300000000004,0.00037702300000000004,0.00037702300000000004,0.00037702300000000004,0.00037702300000000004,0.00037702300000000004,0.00037702300000000004,0.00037702300000000004,0.00037702300000000004,0.00037702300000000004,0.00037702300000000004,0.00037702300000000004,0.00037702300000000004,0.00037702300000000004,0.00037702300000000004,0.00037702300000000004,0.00037702300000000004,0.00037702300000000004,0.00037702300000000004,0.00037702300000000004,0.00037702300000000004,0.00037702300000000004,0.00037702300000000004,0.00037702300000000004,0.00037702300000000004,0.00037702300000000004,0.00037702300000000004,0.00037702300000000004,0.00037702300000000004,0.00037702300000000004,0.00037702300000000004,0.00037702300000000004,0.00037702300000000004,0.00037702300000000004,0.00037702300000000004
V,0.0,0.0,0.0,0.0,0.0,0.0,0.0,0.0,0.0,0.0,0.0,0.0,0.0,0.0,0.0,0.0,0.0,0.0,0.0,0.0,0.0,0.0,0.0,0.0,0.0,0.0,0.0,0.0,0.0,0.0,0.0,0.0,0.0,0.0,0.0,0.0,0.0,0.0,0.0,0.0,0.0,0.0,0.0,0.0,0.0,0.0,0.0,0.0,0.0,0.0,0.0,0.0,0.0,0.0,0.0,0.0,0.0,0.0,0.0,0.0,0.0,0.0,0.0,0.0,0.0,0.0,0.0,0.0,0.0,0.0,0.0,0.0,0.0,0.0,0.0,0.0,0.0,0.0,0.0,0.0,0.0,0.0,0.0,0.0,0.0,0.0,0.0,0.0,0.0,0.0,0.0,0.0,0.0,0.0,0.0,0.0,0.0,0.0,0.0,0.0,0.0,0.0,0.0,0.0,0.0,0.0,0.0,0.0,0.0,0.0,0.0,0.0,0.0,0.0,0.0,0.0,0.0,0.0,0.0,0.0,0.0,0.0,0.0,0.0,0.0,0.0,0.0,0.0,0.0,0.0,0.0,0.0,0.0,0.0,0.0,0.0,0.0,0.0,0.0,0.0,0.0,0.0,0.0,0.0,0.0,0.0,0.0,0.0,0.0,0.0,0.0,0.0,0.0,0.0,0.0,0.0,0.0,0.0,0.0,0.0,0.0,0.0,0.0,0.0,0.0,0.0,0.0,0.0,0.0,0.0,0.0,0.0,1.3803396385714332e-07,3.376146360000001e-07,5.422915568571432e-07,7.521914605714282e-07,9.67450042285714e-07,1.1882029971428575e-06,1.4145911408571425e-06,1.6467578494285717e-06,1.884850339285715e-06,2.129019667285714e-06,2.3794232910000004e-06,2.636217387857143e-06,2.8995658161428583e-06,3.1696375547142865e-06,3.4466028625714294e-06,3.7306371192857144e-06,4.021922105142858e-06,4.320642160714287e-06,4.626988027285714e-06,4.941151726285715e-06,5.26333296e-06,5.593737831428571e-06,5.932591645714287e-06,6.2800736228571445e-06,6.636439791428571e-06,7.001894974285716e-06,7.376682398571429e-06,7.761032490000001e-06,8.155201277142857e-06,8.559419185714284e-06,8.997671207800002e-06,1.01998569332e-05,1.1432704566799999e-05,1.2697046722400002e-05,1.3993679813199999e-05,1.5323400252400002e-05,1.58145684729e-05,1.47020845242e-05,1.3561206043299999e-05,1.2391184289999999e-05,1.1191328119499997e-05,9.960831196199998e-06,8.698915982200004e-06,7.6802647862e-06,8.681546668450002e-06,9.708379326300001e-06,1.0761436292100003e-05,1.1841369371349998e-05,1.59925849568e-05,2.044695025279999e-05,2.50150712192e-05,2.969967458367999e-05,3.450391312511999e-05,3.9430854412160015e-05,4.4483480803199996e-05,4.966503028736e-05,5.44334992648e-05,5.3513188414000006e-05,5.25693927568e-05,5.16015079048e-05,5.06089006892e-05,4.9590981111799995e-05,4.8547058443e-05,4.7476499514e-05,4.60279367592e-05,4.4481350617799994e-05,4.2895310143199996e-05,4.12687677003e-05,3.9600695420699996e-05,3.7890065436e-05,3.6135770810999995e-05,3.43366848438e-05,3.2491680832499994e-05,3.05995727751e-05,2.8659194436300002e-05,2.75505e-05,2.75505e-05,2.75505e-05,2.75505e-05,2.75505e-05,2.75505e-05,2.75505e-05,2.75505e-05,2.75505e-05,2.75505e-05,2.75505e-05,2.75505e-05,2.75505e-05,2.75505e-05,2.75505e-05,2.75505e-05,2.75505e-05,2.75505e-05,2.75505e-05,2.75505e-05,2.75505e-05,2.75505e-05,2.75505e-05,2.75505e-05,2.75505e-05,2.75505e-05,2.75505e-05,2.75505e-05,2.75505e-05,2.75505e-05,2.75505e-05,2.75505e-05,2.75505e-05,2.75505e-05,2.75505e-05,2.75505e-05,2.75505e-05,2.75505e-05,2.75505e-05,2.75505e-05,2.75505e-05,2.75505e-05,2.75505e-05,2.75505e-05,2.75505e-05,2.75505e-05,2.75505e-05,2.75505e-05,2.75505e-05,2.75505e-05,2.75505e-05,2.75505e-05,2.75505e-05
Cr,0.0,0.0,0.0,0.0,0.0,0.0,0.0,0.0,0.0,0.0,0.0,0.0,0.0,0.0,0.0,0.0,0.0,0.0,0.0,0.0,0.0,0.0,0.0,0.0,0.0,0.0,0.0,0.0,0.0,0.0,0.0,0.0,0.0,0.0,0.0,0.0,0.0,0.0,0.0,0.0,0.0,0.0,0.0,0.0,0.0,0.0,0.0,0.0,0.0,0.0,0.0,0.0,0.0,0.0,0.0,0.0,0.0,0.0,0.0,0.0,0.0,0.0,0.0,0.0,0.0,0.0,0.0,0.0,0.0,0.0,0.0,0.0,0.0,0.0,0.0,0.0,0.0,0.0,0.0,0.0,0.0,0.0,0.0,0.0,0.0,0.0,0.0,0.0,0.0,0.0,0.0,0.0,0.0,0.0,0.0,0.0,0.0,0.0,0.0,0.0,0.0,0.0,0.0,0.0,0.0,0.0,0.0,0.0,0.0,0.0,0.0,0.0,0.0,0.0,0.0,0.0,0.0,0.0,0.0,0.0,0.0,0.0,0.0,0.0,0.0,0.0,0.0,0.0,0.0,0.0,0.0,0.0,0.0,0.0,0.0,0.0,0.0,0.0,0.0,0.0,0.0,0.0,0.0,0.0,0.0,0.0,0.0,0.0,0.0,0.0,0.0,0.0,0.0,0.0,0.0,0.0,0.0,0.0,0.0,0.0,0.0,0.0,0.0,0.0,0.0,0.0,0.0,0.0,0.0,0.0,0.0,0.0,1.998142137000006e-05,4.887217692e-05,7.850065158000004e-05,0.00010888519103999993,0.00014004543815999995,0.0001720010358,0.0002047723680599999,0.00023838018965999998,0.00027284581125000003,0.0003081910994099999,0.00034443884726999995,0.00038161166264999994,0.00041973326523,0.00045882811593,0.00049892086098,0.0005400368878499998,0.00058220251056,0.0006254444137499999,0.0006697902086099999,0.00071526769164,0.0007619057711999999,0.0008097342821999997,0.0008587858392,0.0009090863856,0.0009606729833999998,0.0010135752822,0.0010678284908999997,0.0011234659652999998,0.0011805247673999997,0.0012390382529999997,0.0012923471576499997,0.0011342407691000002,0.0009721018559000002,0.0008058209161999998,0.0006352932091000002,0.00046041399369999974,0.0004029770245600002,0.0005698907588800002,0.00074106472312,0.0009166112560000002,0.0010966340548000005,0.00128125409968,0.0014705880500799995,0.0016180537320400002,0.0014224353499899998,0.0012218251654599998,0.0010160915918199995,0.0008051072871700003,0.0008082540410000001,0.000825703436,0.000843598454,0.0008619497766,0.0008807697544,0.0009000704042000001,0.000919863409,0.0009401614532,0.0009664991205600002,0.0010523292257999999,0.00114034957296,0.0012306165285600002,0.00132318914324,0.0014181224414600002,0.0015154808421000002,0.0016153233957999999,0.0017319092205599997,0.00185394248554,0.00197908889176,0.0021074311027900004,0.0022390502225100003,0.0023740273547999996,0.0025124498423000005,0.0026544065873399998,0.0027999864922500003,0.0029492831384300006,0.00310238854759,0.00318987,0.00318987,0.00318987,0.00318987,0.00318987,0.00318987,0.00318987,0.00318987,0.00318987,0.00318987,0.00318987,0.00318987,0.00318987,0.00318987,0.00318987,0.00318987,0.00318987,0.00318987,0.00318987,0.00318987,0.00318987,0.00318987,0.00318987,0.00318987,0.00318987,0.00318987,0.00318987,0.00318987,0.00318987,0.00318987,0.00318987,0.00318987,0.00318987,0.00318987,0.00318987,0.00318987,0.00318987,0.00318987,0.00318987,0.00318987,0.00318987,0.00318987,0.00318987,0.00318987,0.00318987,0.00318987,0.00318987,0.00318987,0.00318987,0.00318987,0.00318987,0.00318987,0.00318987
Mn,0.0,0.0,0.0,0.0,0.0,0.0,0.0,0.0,0.0,0.0,0.0,0.0,0.0,0.0,0.0,0.0,0.0,0.0,0.0,0.0,0.0,0.0,0.0,0.0,0.0,0.0,0.0,0.0,0.0,0.0,0.0,0.0,0.0,0.0,0.0,0.0,0.0,0.0,0.0,0.0,0.0,0.0,0.0,0.0,0.0,0.0,0.0,0.0,0.0,0.0,0.0,0.0,0.0,0.0,0.0,0.0,0.0,0.0,0.0,0.0,0.0,0.0,0.0,0.0,0.0,0.0,0.0,0.0,0.0,0.0,0.0,0.0,0.0,0.0,0.0,0.0,0.0,0.0,0.0,0.0,0.0,0.0,0.0,0.0,0.0,0.0,0.0,0.0,0.0,0.0,0.0,0.0,0.0,0.0,0.0,0.0,0.0,0.0,0.0,0.0,0.0,0.0,0.0,0.0,0.0,0.0,0.0,0.0,0.0,0.0,0.0,0.0,0.0,0.0,0.0,0.0,0.0,0.0,0.0,0.0,0.0,0.0,0.0,0.0,0.0,0.0,0.0,0.0,0.0,0.0,0.0,0.0,0.0,0.0,0.0,0.0,0.0,0.0,0.0,0.0,0.0,0.0,0.0,0.0,0.0,0.0,0.0,0.0,0.0,0.0,0.0,0.0,0.0,0.0,0.0,0.0,0.0,0.0,0.0,0.0,0.0,0.0,0.0,0.0,0.0,0.0,0.0,0.0,0.0,0.0,0.0,0.0,3.496675571428582e-06,8.552452000000002e-06,1.3737326571428578e-05,1.9054509714285703e-05,2.4507438857142847e-05,3.0099551428571432e-05,3.5834414571428554e-05,4.1715660285714284e-05,4.7747017857142863e-05,5.393231385714284e-05,6.0275537000000004e-05,6.678064357142857e-05,7.345178442857144e-05,8.029324014285715e-05,8.730932371428572e-05,9.450447785714284e-05,0.00010188330742857142,0.00010945048214285715,0.00011721083385714284,0.00012516922685714286,0.00013333072,0.00014170053428571425,0.00015028437714285716,0.00015908678857142858,0.00016811425428571425,0.00017737196285714287,0.0001868660757142857,0.00019660243,0.00020658751142857141,0.00021682715714285708,0.00022625595149999996,0.00020186394100000005,0.00017684980900000005,0.00015119666199999996,0.00012488834100000005,9.790868699999995e-05,8.908893566666669e-05,0.00011495882866666668,0.000141489013,0.0001686969,0.0001965985616666667,0.00022521274866666666,0.0002545575419999999,0.00027631127999999997,0.00023667817999999994,0.00019603371999999997,0.0001543512399999999,0.00011160494000000008,0.00010928767000000002,0.00010960132000000002,0.00010992298000000002,0.00011025284200000002,0.000110591128,0.00011093805400000002,0.00011129383000000001,0.00011165868400000001,0.00011291996800000003,0.00012366424,0.00013468268799999997,0.00014598236800000003,0.000157570672,0.000169454488,0.00018164188000000003,0.00019414023999999997,0.00021361048,0.00023473582000000002,0.00025640008,0.0002786175700000001,0.00030140233,0.00032476839999999994,0.00034873090000000004,0.00037330522,0.00039850675000000006,0.00042435169000000007,0.00045085597,0.000466,0.000466,0.000466,0.000466,0.000466,0.000466,0.000466,0.000466,0.000466,0.000466,0.000466,0.000466,0.000466,0.000466,0.000466,0.000466,0.000466,0.000466,0.000466,0.000466,0.000466,0.000466,0.000466,0.000466,0.000466,0.000466,0.000466,0.000466,0.000466,0.000466,0.000466,0.000466,0.000466,0.000466,0.000466,0.000466,0.000466,0.000466,0.000466,0.000466,0.000466,0.000466,0.000466,0.000466,0.000466,0.000466,0.000466,0.000466,0.000466,0.000466,0.000466,0.000466,0.000466
Fe,0.0,0.0,0.0,0.0,0.0,0.0,0.0,0.0,0.0,0.0,0.0,0.0,0.0,0.0,0.0,0.0,0.0,0.0,0.0,0.0,0.0,0.0,0.0,0.0,0.0,0.0,0.0,0.0,0.0,0.0,0.0,0.0,0.0,0.0,0.0,0.0,0.0,0.0,0.0,0.0,0.0,0.0,0.0,0.0,0.0,0.0,0.0,0.0,0.0,0.0,0.0,0.0,0.0,0.0,0.0,0.0,0.0,0.0,0.0,0.0,0.0,0.0,0.0,0.0,0.0,0.0,0.0,0.0,0.0,0.0,0.0,0.0,0.0,0.0,0.0,0.0,0.0,0.0,0.0,0.0,0.0,0.0,0.0,0.0,0.0,0.0,0.0,0.0,0.0,0.0,0.0,0.0,0.0,0.0,0.0,0.0,0.0,0.0,0.0,0.0,0.0,2.3207500110319995e-05,2.4885746729439994e-05,2.660685015136e-05,2.837190596352e-05,3.0181945307040004e-05,3.203825710832001e-05,3.394193695480001e-05,3.589420932656e-05,3.789629870368e-05,3.999794893920001e-05,4.2156339671999994e-05,4.43698264464e-05,4.663986263519999e-05,4.89678355488e-05,5.135519856e-05,5.380347110400001e-05,5.61952831896e-05,5.85981684672e-05,6.1062332652e-05,6.35894402616e-05,6.618103251599999e-05,6.88388355816e-05,7.144138288799999e-05,7.4024278294e-05,7.6673026396e-05,7.93549704575e-05,8.203388949000001e-05,8.478123186499999e-05,8.759869584000001e-05,9.048380769333335e-05,9.3434759296e-05,9.6461054576e-05,9.962619986400001e-05,0.00010291039591199999,0.000106278416704,0.00010973240148799999,0.00011327197919199998,0.00011689859849599997,0.00012061778578799998,0.000124431901636,0.000128343362812,0.000132354698496,0.000136468437868,0.00014066270863199998,0.00014486903982,0.000149182691824,0.00015360650613199998,0.000158143214944,0.000162795769036,0.00016758970717000002,0.000172735084498,0.000178011819958,0.000183423303808,0.00018897286884399998,0.00019466407771,0.00020059964057600002,0.00020671281740800002,0.000212982045632,0.000219411257344,0.00022596175836,0.000232361379658,0.000238924417288,0.00024565492610799996,0.000252557294252,0.000260494980664,0.00026869074923200004,0.00027709566232000005,0.00028559650137000004,0.00029367795800600005,0.00030196564504,0.00031046489453400003,0.0014726599157752894,0.0031493914864760006,0.004868938030288289,0.006632364275254854,0.008440810233219426,0.010295415916025718,0.012197364354832282,0.014147860090455145,0.016148139928196432,0.018199472937844425,0.020303181963331002,0.022460579093759286,0.02467304094720472,0.026941987161057578,0.029268848127536863,0.031655097258176425,0.034102261738653716,0.03661189026430358,0.03918558530460443,0.04182496008386343,0.04453169235536,0.047307513646517134,0.05015431680718858,0.053073607513394294,0.05606753673087714,0.05913782523223144,0.062286516434912856,0.06551554620809001,0.06882706551750571,0.07222301023232856,0.0755850152645,0.07519867836300001,0.074802487887,0.07439617626600001,0.073979487563,0.07355216584100001,0.073322691314,0.073474047572,0.073629266978,0.0737884514,0.07395169487,0.074119107092,0.07429079385199999,0.07469312438799999,0.076786259003,0.078932806362,0.08113417445400001,0.083391725849,0.090290417599,0.09766214400399999,0.105222129706,0.11297488728739999,0.12092563442159998,0.1290794477638,0.13744126295099998,0.1460164386748,0.1546058154536,0.16123263939799998,0.16802856889759998,0.17499795593360004,0.18214535972440002,0.18947502863260002,0.19699193635100004,0.204700642098,0.20985821287920003,0.21466918044780003,0.21960287866320002,0.22466256640530008,0.22985144106570005,0.23517270003600002,0.24062978666100004,0.24622620577380003,0.25196546220750005,0.25785124526010006,0.2638871827413,0.267336,0.267336,0.267336,0.267336,0.267336,0.267336,0.267336,0.267336,0.267336,0.267336,0.267336,0.267336,0.267336,0.267336,0.267336,0.267336,0.267336,0.267336,0.267336,0.267336,0.267336,0.267336,0.267336,0.267336,0.267336,0.267336,0.267336,0.267336,0.267336,0.267336,0.267336,0.267336,0.267336,0.267336,0.267336,0.267336,0.267336,0.267336,0.267336,0.267336,0.267336,0.267336,0.267336,0.267336,0.267336,0.267336,0.267336,0.267336,0.267336,0.267336,0.267336,0.267336,0.267336
Co,0.0,0.0,0.0,0.0,0.0,0.0,0.0,0.0,0.0,0.0,0.0,0.0,0.0,0.0,0.0,0.0,0.0,0.0,0.0,0.0,0.0,0.0,0.0,0.0,0.0,0.0,0.0,0.0,0.0,0.0,0.0,0.0,0.0,0.0,0.0,0.0,0.0,0.0,0.0,0.0,0.0,0.0,0.0,0.0,0.0,0.0,0.0,0.0,0.0,0.0,0.0,0.0,0.0,0.0,0.0,0.0,0.0,0.0,0.0,0.0,0.0,0.0,0.0,0.0,0.0,0.0,0.0,0.0,0.0,0.0,0.0,0.0,0.0,0.0,0.0,0.0,0.0,0.0,0.0,0.0,0.0,0.0,0.0,0.0,0.0,0.0,0.0,0.0,0.0,0.0,0.0,0.0,0.0,0.0,0.0,0.0,0.0,0.0,0.0,0.0,0.0,6.266161911999998e-08,6.774273903999999e-08,7.295361376e-08,7.829756031999999e-08,8.377770064000001e-08,8.939793712000002e-08,9.516158680000001e-08,1.0107235696e-07,1.0713395488e-07,1.1485183160000003e-07,1.2286300599999998e-07,1.310786772e-07,1.395042396e-07,1.481448424e-07,1.5700587999999998e-07,1.6609299200000003e-07,1.776883232e-07,1.905351424e-07,2.0370958400000002e-07,2.1722054719999997e-07,2.3107627199999998e-07,2.452859872e-07,2.6210997600000003e-07,2.8094160466666667e-07,3.002533586666667e-07,3.2454580450000006e-07,3.587520540000001e-07,3.9383197899999985e-07,4.2980726400000004e-07,4.7432917666666667e-07,5.338631359999999e-07,5.949171160000001e-07,6.540157343999999e-07,7.124470751999999e-07,7.723697984000002e-07,8.338219647999999e-07,8.777771436e-07,8.983093167999998e-07,9.193655653999999e-07,9.409592538e-07,9.631040646e-07,9.858143168e-07,1.0091043294e-06,1.0263663524e-06,1.018345349e-06,1.0101196968e-06,1.0016839774e-06,9.930329808e-07,9.841610802e-07,9.780710570000002e-07,1.0022658458000002e-06,1.0270783118e-06,1.0525243968e-06,1.0786197724e-06,1.105381191e-06,1.1407259360000002e-06,1.1790582880000002e-06,1.218369152e-06,1.2586831840000001e-06,1.29825108e-06,1.325671774e-06,1.3537926640000001e-06,1.382631124e-06,1.4122059559999998e-06,1.391938952e-06,1.3678921759999998e-06,1.34323176e-06,1.32314686e-06,1.330476468e-06,1.33799312e-06,1.3457016520000002e-06,2.699719272000004e-06,4.654144352000001e-06,6.658475248000003e-06,8.713953023999996e-06,1.0821906495999997e-05,1.2983664480000002e-05,1.5200605935999994e-05,1.7474134896000002e-05,1.9805693000000003e-05,2.2196759495999995e-05,2.4648876312e-05,2.7163572839999997e-05,2.9742453688000004e-05,3.2387173608000006e-05,3.5099399888e-05,3.7880849959999996e-05,4.0733303936e-05,4.3658567000000006e-05,4.6658507016e-05,4.9735004384e-05,5.2890014719999996e-05,5.6125556319999984e-05,5.944383552e-05,6.284660736000001e-05,6.633637903999999e-05,6.991515632e-05,7.358532103999998e-05,7.734912968e-05,8.120908943999999e-05,8.516745679999999e-05,8.98237885e-05,0.00011355161899999995,0.00013788463099999996,0.00016283925800000002,0.00018843121899999996,0.00021467623300000003,0.00022443837666666662,0.00020267624666666663,0.00018035867,0.00015747099999999996,0.0001339997166666666,0.00010992904666666664,8.524378000000006e-05,6.550792e-05,8.670702000000004e-05,0.00010844708000000002,0.00013074236000000004,0.00015360665999999997,0.00020342445,0.00025622219999999987,0.0003103683,0.00036589506999999986,0.0004228398799999999,0.00048123909000000013,0.0005411280499999999,0.00060254514,0.000661379952,0.00067749636,0.000694024032,0.000710973552,0.0007283560080000001,0.0007461817320000001,0.0007644628200000001,0.00078321036,0.0007640195120000001,0.0007376519579999999,0.000710611752,0.000682881033,0.0006544422770000001,0.0006252779600000001,0.00059536921,0.000564696818,0.000533241575,0.000500983261,0.00046790199300000005,0.000449,0.000449,0.000449,0.000449,0.000449,0.000449,0.000449,0.000449,0.000449,0.000449,0.000449,0.000449,0.000449,0.000449,0.000449,0.000449,0.000449,0.000449,0.000449,0.000449,0.000449,0.000449,0.000449,0.000449,0.000449,0.000449,0.000449,0.000449,0.000449,0.000449,0.000449,0.000449,0.000449,0.000449,0.000449,0.000449,0.000449,0.000449,0.000449,0.000449,0.000449,0.000449,0.000449,0.000449,0.000449,0.000449,0.000449,0.000449,0.000449,0.000449,0.000449,0.000449,0.000449
Ni,0.0,0.0,0.0,0.0,0.0,0.0,0.0,0.0,0.0,0.0,0.0,0.0,0.0,0.0,0.0,0.0,0.0,0.0,0.0,0.0,0.0,0.0,0.0,0.0,0.0,0.0,0.0,0.0,0.0,0.0,0.0,0.0,0.0,0.0,0.0,0.0,0.0,0.0,0.0,0.0,0.0,0.0,0.0,0.0,0.0,0.0,0.0,0.0,0.0,0.0,0.0,0.0,0.0,0.0,0.0,0.0,0.0,0.0,0.0,0.0,0.0,0.0,0.0,0.0,0.0,0.0,0.0,0.0,0.0,0.0,0.0,0.0,0.0,0.0,0.0,0.0,0.0,0.0,0.0,0.0,0.0,0.0,0.0,0.0,0.0,0.0,0.0,0.0,0.0,0.0,0.0,0.0,0.0,0.0,0.0,0.0,0.0,0.0,0.0,0.0,0.0,1.3449705880399995e-06,1.4434066096799995e-06,1.54435635792e-06,1.6478840934399999e-06,1.75405029688e-06,1.8629305690400003e-06,1.9745891706e-06,2.08909792232e-06,2.20652864496e-06,2.33132366344e-06,2.4595834804e-06,2.59111731448e-06,2.72601153064e-06,2.86434856816e-06,3.006214792e-06,3.1517004928000005e-06,3.29524505728e-06,3.44007735296e-06,3.5886031936e-06,3.7409229068799994e-06,3.8971293887999996e-06,4.05732668288e-06,4.2117718952e-06,4.3632743126e-06,4.5186393884e-06,4.686869986205e-06,4.877816410460001e-06,5.073639873709999e-06,5.2744614233600004e-06,5.4869682849e-06,5.716828144639999e-06,5.9525567848399995e-06,6.233357931311599e-06,6.545535793542799e-06,6.8656815812576015e-06,7.1939986397672e-06,7.4953448208876e-06,7.758871985988799e-06,8.0291255751814e-06,8.306277118405801e-06,8.590502229648602e-06,8.8819846909888e-06,9.1809082845054e-06,9.482697727465599e-06,9.773688892456e-06,1.00721044393792e-05,1.03781409404656e-05,1.06919874074752e-05,1.10138479731088e-05,1.1353337732713001e-05,1.1796755304692202e-05,1.22514930384862e-05,1.2717843099251199e-05,1.31960927001916e-05,1.3686548862319e-05,1.4206689584198602e-05,1.4744634333293801e-05,1.5296311226775197e-05,1.58620662795634e-05,1.6458406037023998e-05,1.7189497778667197e-05,1.7939258176659202e-05,1.8708150457347198e-05,1.94966759204768e-05,1.977365344774652e-05,2.002342354098776e-05,2.02795674167276e-05,2.05930518161602e-05,2.118711931289676e-05,2.1796346796478398e-05,2.242112622653164e-05,5.763720561371704e-05,0.00010828612068865681,0.0001602283447075904,0.00021349603983717287,0.00026812364233665196,0.00032414558846527485,0.0003815976139637693,0.0004405161043136049,0.0005009384196073607,0.0005629028945487269,0.0006264494881932458,0.000691617834726088,0.000758449517554647,0.0008269874195677965,0.0008972747485247806,0.0009693560116663245,0.001043277340585005,0.0011190855166141392,0.0011968289454388947,0.0012765563576148111,0.0013583184329196477,0.001442167475483016,0.001528160662490082,0.001616343475792681,0.001706780889464864,0.0017995248827658737,0.001894637181066057,0.001992176261032062,0.0020922070967379384,0.0021947881648503335,0.0023040054014499996,0.002543497086299999,0.0027890970386999993,0.0030409711265999995,0.0032992780062999993,0.0035641763341,0.0037182945970333325,0.0036586187159333323,0.0035974196948999997,0.0035346573699999995,0.003470294666833333,0.003404288331933333,0.0033365966566,0.003280992028,0.003326570093,0.003373311222,0.003421246074,0.003470404319,0.003861984636,0.004285663055999999,0.004720161384,0.005165738973599999,0.005622695702399999,0.0060913233432000015,0.006571905564,0.0070647503471999995,0.007542007864800001,0.007731298914,0.0079254203568,0.0081244965048,0.008328657589200001,0.0085380249618,0.008752740693000001,0.008972935014,0.0090452974904,0.0090927982086,0.009141510698400001,0.009191467136100001,0.0092426990909,0.009295238132,0.009349118257000001,0.0094043740706,0.0094610401775,0.009519153003700001,0.0095787483681,0.0096128,0.0096128,0.0096128,0.0096128,0.0096128,0.0096128,0.0096128,0.0096128,0.0096128,0.0096128,0.0096128,0.0096128,0.0096128,0.0096128,0.0096128,0.0096128,0.0096128,0.0096128,0.0096128,0.0096128,0.0096128,0.0096128,0.0096128,0.0096128,0.0096128,0.0096128,0.0096128,0.0096128,0.0096128,0.0096128,0.0096128,0.0096128,0.0096128,0.0096128,0.0096128,0.0096128,0.0096128,0.0096128,0.0096128,0.0096128,0.0096128,0.0096128,0.0096128,0.0096128,0.0096128,0.0096128,0.0096128,0.0096128,0.0096128,0.0096128,0.0096128,0.0096128,0.0096128
Cu,0.0,0.0,0.0,0.0,0.0,0.0,0.0,0.0,0.0,0.0,0.0,0.0,0.0,0.0,0.0,0.0,0.0,0.0,0.0,0.0,0.0,0.0,0.0,0.0,0.0,0.0,0.0,0.0,0.0,0.0,0.0,0.0,0.0,0.0,0.0,0.0,0.0,0.0,0.0,0.0,0.0,0.0,0.0,0.0,0.0,0.0,0.0,0.0,0.0,0.0,0.0,0.0,0.0,0.0,0.0,0.0,0.0,0.0,0.0,0.0,0.0,0.0,0.0,0.0,0.0,0.0,0.0,0.0,0.0,0.0,0.0,0.0,0.0,0.0,0.0,0.0,0.0,0.0,0.0,0.0,0.0,0.0,0.0,0.0,0.0,0.0,0.0,0.0,0.0,0.0,0.0,0.0,0.0,0.0,0.0,0.0,0.0,0.0,0.0,0.0,0.0,0.0,0.0,0.0,0.0,0.0,0.0,0.0,0.0,0.0,0.0,0.0,0.0,0.0,0.0,0.0,0.0,0.0,0.0,0.0,0.0,0.0,0.0,0.0,0.0,0.0,0.0,0.0,0.0,0.0,0.0,0.0,0.0,0.0,0.0,0.0,0.0,0.0,0.0,0.0,0.0,0.0,0.0,0.0,0.0,0.0,0.0,0.0,0.0,0.0,0.0,0.0,0.0,0.0,0.0,0.0,0.0,0.0,0.0,0.0,0.0,0.0,0.0,0.0,0.0,0.0,0.0,0.0,0.0,0.0,0.0,0.0,1.9886379571428634e-07,4.863971600000001e-07,7.812726257142862e-07,1.0836727771428565e-06,1.393793108571428e-06,1.7118291142857146e-06,2.037983665714285e-06,2.372463322857143e-06,2.715480178571429e-06,3.067251858571428e-06,3.42800521e-06,3.797965235714285e-06,4.177368004285715e-06,4.566456961428572e-06,4.965477397142858e-06,5.374681978571428e-06,5.794332594285714e-06,6.224694821428572e-06,6.666043458571428e-06,7.118655148571429e-06,7.5828176e-06,8.058827742857141e-06,8.547010171428573e-06,9.047623085714287e-06,9.56103534285714e-06,1.008754202857143e-05,1.0627493557142855e-05,1.1181221900000001e-05,1.1749095914285714e-05,1.2331447571428569e-05,1.2876798924999999e-05,1.1788373950000002e-05,1.0672188550000002e-05,9.5274889e-06,8.353553950000003e-06,7.1496626499999985e-06,6.246049983333333e-06,5.9324950333333325e-06,5.6109370499999994e-06,5.281165e-06,4.942984083333332e-06,4.596167033333332e-06,4.2404947e-06,4.423492200000001e-06,8.679441950000008e-06,1.3043995300000004e-05,1.752001510000001e-05,2.2110271849999993e-05,2.48553319e-05,2.7543312399999997e-05,3.02999386e-05,3.312685594e-05,3.6025966959999994e-05,3.8999122780000004e-05,4.2048123099999996e-05,4.5174921879999996e-05,4.8225948e-05,4.9696889999999994e-05,5.1205368e-05,5.2752348e-05,5.4338842e-05,5.5965793e-05,5.7634305000000005e-05,5.9345389999999995e-05,5.8836879200000005e-05,5.792144779999999e-05,5.69826632e-05,5.6019905300000004e-05,5.5032565700000004e-05,5.4020036e-05,5.2981661e-05,5.19167738e-05,5.08247075e-05,4.97047601e-05,4.85562413e-05,4.79e-05,4.79e-05,4.79e-05,4.79e-05,4.79e-05,4.79e-05,4.79e-05,4.79e-05,4.79e-05,4.79e-05,4.79e-05,4.79e-05,4.79e-05,4.79e-05,4.79e-05,4.79e-05,4.79e-05,4.79e-05,4.79e-05,4.79e-05,4.79e-05,4.79e-05,4.79e-05,4.79e-05,4.79e-05,4.79e-05,4.79e-05,4.79e-05,4.79e-05,4.79e-05,4.79e-05,4.79e-05,4.79e-05,4.79e-05,4.79e-05,4.79e-05,4.79e-05,4.79e-05,4.79e-05,4.79e-05,4.79e-05,4.79e-05,4.79e-05,4.79e-05,4.79e-05,4.79e-05,4.79e-05,4.79e-05,4.79e-05,4.79e-05,4.79e-05,4.79e-05,4.79e-05
Zn,0.0,0.0,0.0,0.0,0.0,0.0,0.0,0.0,0.0,0.0,0.0,0.0,0.0,0.0,0.0,0.0,0.0,0.0,0.0,0.0,0.0,0.0,0.0,0.0,0.0,0.0,0.0,0.0,0.0,0.0,0.0,0.0,0.0,0.0,0.0,0.0,0.0,0.0,0.0,0.0,0.0,0.0,0.0,0.0,0.0,0.0,0.0,0.0,0.0,0.0,0.0,0.0,0.0,0.0,0.0,0.0,0.0,0.0,0.0,0.0,0.0,0.0,0.0,0.0,0.0,0.0,0.0,0.0,0.0,0.0,0.0,0.0,0.0,0.0,0.0,0.0,0.0,0.0,0.0,0.0,0.0,0.0,0.0,0.0,0.0,0.0,0.0,0.0,0.0,0.0,0.0,0.0,0.0,0.0,0.0,0.0,0.0,0.0,0.0,0.0,0.0,0.0,0.0,0.0,0.0,0.0,0.0,0.0,0.0,0.0,0.0,0.0,0.0,0.0,0.0,0.0,0.0,0.0,0.0,0.0,0.0,0.0,0.0,0.0,0.0,0.0,0.0,0.0,0.0,0.0,0.0,0.0,0.0,0.0,0.0,0.0,0.0,0.0,0.0,0.0,0.0,0.0,0.0,0.0,0.0,0.0,0.0,0.0,0.0,0.0,0.0,0.0,0.0,0.0,0.0,0.0,0.0,0.0,0.0,0.0,0.0,0.0,0.0,0.0,0.0,0.0,0.0,0.0,0.0,0.0,0.0,0.0,1.3790919261428616e-06,3.3730946040000007e-06,5.4180137031428605e-06,7.515115419428567e-06,9.665755477714283e-06,1.1871289602857146e-05,1.4133124679142853e-05,1.645269317057143e-05,1.883146591071429e-05,2.1270952102714284e-05,2.3772724899000003e-05,2.6338344662142855e-05,2.896944849385715e-05,3.166772465528572e-05,3.4434874197428574e-05,3.7272649330714284e-05,4.018286621485714e-05,4.316736658928572e-05,4.622805614271428e-05,4.936685335371429e-05,5.2585753440000004e-05,5.588681556857142e-05,5.9272290754285724e-05,6.274396957714286e-05,6.630441000857143e-05,6.995565842571429e-05,7.370014490142856e-05,7.754017161000001e-05,8.147829652285714e-05,8.55168218142857e-05,8.94285331925e-05,8.613494759500001e-05,8.275735865500001e-05,7.929348529e-05,7.5741145595e-05,7.209815766499999e-05,6.934571006999999e-05,6.834478085999999e-05,6.731830438999999e-05,6.626560699999999e-05,6.518606684999999e-05,6.407895845999998e-05,6.294358225999999e-05,7.006670666200001e-05,0.0001389254619845001,0.00020954135946300002,0.00028196071832100017,0.00035622836361349987,0.000380705984355,0.00040245965058,0.00042476886237,0.00044764693617299996,0.000471109269132,0.000495170842251,0.000519846220395,0.000545151216846,0.0005719682853336001,0.000608693780298,0.0006463564489776,0.0006849804098136001,0.0007245909297444001,0.0007652115529626001,0.0008068698434010002,0.0008495910679979999,0.0008478336126080001,0.0008380996818720001,0.0008281174327680001,0.0008178802716720001,0.000807381729368,0.00079661533664,0.0007855741266400001,0.0007742510081120001,0.0007626388898,0.0007507303072240001,0.0007385179203120001,0.00073154,0.00073154,0.00073154,0.00073154,0.00073154,0.00073154,0.00073154,0.00073154,0.00073154,0.00073154,0.00073154,0.00073154,0.00073154,0.00073154,0.00073154,0.00073154,0.00073154,0.00073154,0.00073154,0.00073154,0.00073154,0.00073154,0.00073154,0.00073154,0.00073154,0.00073154,0.00073154,0.00073154,0.00073154,0.00073154,0.00073154,0.00073154,0.00073154,0.00073154,0.00073154,0.00073154,0.00073154,0.00073154,0.00073154,0.00073154,0.00073154,0.00073154,0.00073154,0.00073154,0.00073154,0.00073154,0.00073154,0.00073154,0.00073154,0.00073154,0.00073154,0.00073154,0.00073154
Other,0.0,0.0,0.0,0.0,0.0,0.0,0.0,0.0,0.0,0.0,0.0,0.0,0.0,0.0,0.0,0.0,0.0,0.0,0.0,0.0,0.0,0.0,0.0,0.0,0.0,0.0,0.0,0.0,0.0,0.0,0.0,0.0,0.0,0.0,0.0,0.0,0.0,0.0,0.0,0.0,0.0,0.0,0.0,0.0,0.0,0.0,0.0,0.0,0.0,0.0,0.0,0.0,0.0,0.0,0.0,0.0,0.0,0.0,0.0,0.0,0.0,0.0,0.0,0.0,0.0,0.0,0.0,0.0,0.0,0.0,0.0,0.0,0.0,0.0,0.0,0.0,0.0,0.0,0.0,0.0,0.0,0.0,0.0,0.0,0.0,0.0,0.0,0.0,0.0,0.0,0.0,0.0,0.0,0.0,0.0,0.0,0.0,0.0,0.0,0.0,0.0,0.004586798060682944,0.004233047958417407,0.0038702642622804122,0.0034982160382932945,0.003116685936829068,0.0027254022708540072,0.002324134106389443,0.0019126233407533346,0.0014906118712636374,0.001637964517256432,0.0018263021373119196,0.0020194473472035456,0.0022175269658478497,0.002420662047665166,0.002628979411572036,0.0028426116409812066,0.0031368643604429334,0.003470182507834525,0.0038120010077034036,0.004162550754935774,0.004522045541092936,0.004890724812723546,0.0052000865958076225,0.005469217749660885,0.005745210587505552,0.006183713298344765,0.0069553930868754684,0.007746782657534851,0.008558371204274882,0.00865567922409316,0.007418487574871754,0.0061497079564223145,0.005250799579647315,0.004578189286491506,0.003888411508565749,0.0031810281233574577,0.002955470749319209,0.003367703880230103,0.0037904590947446647,0.004224004715577744,0.004668615454080251,0.00512457879887524,0.00559218223858576,0.006068469437803374,0.006544289342671367,0.007032249371123814,0.007532670952094724,0.008045863151866804,0.008572159762025362,0.008973928183626521,0.007989966583604777,0.00698088508478859,0.005946035360831122,0.00488478007396768,0.0037964379321049806,0.004002958145274297,0.004563937552396267,0.005139237110852067,0.0057292176518336435,0.006360353768957555,0.007200863081911518,0.008062835063129579,0.008946802266922826,0.009853341019189598,0.008953836057947083,0.007913424582321657,0.006846463264925225,0.005886706383233491,0.005623777691464219,0.005354139331971476,0.005077617827107699,0.005963731301614026,0.007364153889368296,0.00880033596092264,0.010273166787539595,0.011783598518247762,0.013332583302075724,0.01492110921820408,0.01655018231088947,0.01822083557200252,0.019934128941027876,0.021691167270140237,0.023493046428976268,0.02534091618240069,0.027235962225430222,0.029179379235619606,0.031172397820675594,0.03321629350099499,0.035312359762050584,0.037461935002005196,0.039666366601559665,0.04192705583664285,0.044245448895873646,0.04662312670594104,0.0490613468221658,0.05156190575214901,0.054126240701971605,0.056756058353854597,0.05945297556463901,0.06221878884192593,0.06505511504255636,0.06790339563435663,0.06890190861746441,0.06992588880815725,0.07097602775988789,0.0720529869585676,0.07315742789010769,0.07796257220249932,0.08969354520896214,0.10172393421253537,0.11406163456405562,0.1267139342796797,0.13968933604492392,0.15299603887796473,0.16817300758758477,0.19510686791022647,0.22272802821636437,0.25105460610760444,0.28010413474679063,0.3078676251192211,0.33620834585962833,0.3652728324955583,0.39507843372263374,0.42564520897016894,0.45699267552073997,0.48913980851018396,0.5221072095145537,0.5565134052252729,0.5981563394458621,0.6408619322749515,0.6846575315443773,0.7295717873636819,0.775631396425849,0.8228676133958344,0.8713090883831804,0.9652303191956432,1.0692504379415668,1.175924171843249,1.2853219826257678,1.3975130025476892,1.5125663638675804,1.630556516710053,1.751559240666227,1.8756503153272248,2.0029095086836994,2.1334152592597944,2.207983706389726,2.207983706389726,2.207983706389726,2.207983706389726,2.207983706389726,2.207983706389726,2.207983706389726,2.207983706389726,2.207983706389726,2.207983706389726,2.207983706389726,2.207983706389726,2.207983706389726,2.207983706389726,2.207983706389726,2.207983706389726,2.207983706389726,2.207983706389726,2.207983706389726,2.207983706389726,2.207983706389726,2.207983706389726,2.207983706389726,2.207983706389726,2.207983706389726,2.207983706389726,2.207983706389726,2.207983706389726,2.207983706389726,2.207983706389726,2.207983706389726,2.207983706389726,2.207983706389726,2.207983706389726,2.207983706389726,2.207983706389726,2.207983706389726,2.207983706389726,2.207983706389726,2.207983706389726,2.207983706389726,2.207983706389726,2.207983706389726,2.207983706389726,2.207983706389726,2.207983706389726,2.207983706389726,2.207983706389726,2.207983706389726,2.207983706389726,2.207983706389726,2.207983706389726,2.207983706389726
